0.007242482
0.0161263
0.007744397
0.007555173
0.01140516
0.01241958
0.01892634
0.01140949
0.0263657
0.01310501
0.01332905
0.01294038
0.008472503
0.009438475
0.008782911
0.00663076
0.01041446
0.01243101
0.01815981
0.01231398
0.008971045
0.005140141
0.010324
0.007769246
0.01801286
0.01384655
0.01513012
0.01549394
0.0280018
0.02760011
0.02787247
0.01028633
0.009509754
0.008094664
0.01430297
0.009576319
0.009927755
0.009556918
0.012163
0.01205487
0.0115516
0.00715342
0.00983904
0.009748309
0.01028654
0.0100116
0.01231448
0.01236804
0.008105463
0.008426098
0.007546573
0.00428881
0.01013138
0.01391961
0.0130152
0.01520568
0.02855657
0.01661203
0.02529522
0.01948892
0.01615706
0.0152813
0.009275315
0.01380128
0.0116387
0.01357338
0.01379184
0.01708193
0.008871549
0.01137071
0.01293248
0.02095488
0.01282137
0.01267547
0.008511759
0.01383022
0.009658743
0.007354398
0.007421867
0.005975088
0.00387598
0.0079175
0.02008696
0.01343525
0.01368509
0.01083374
0.0109861
0.01871321
0.01148587
0.01506074
0.02644821
0.01302472
0.01090578
0.01296631
0.01420324
0.01101743
0.009512954
0.008575565
0.007905662
0.007480503
0.008079129
0.009617707
0.01719618
0.01758178
0.01393395
0.006442125
0.01075839
0.006828198
0.008714632
0.00742933
0.01033991
0.005853708
0.009455668
0.01661793
0.01667678
0.01457047
0.03536682
0.01698963
0.007348221
0.01279697
0.009387854
0.01416747
0.01992114
0.01403729
0.01536282
0.01392067
0.01349036
0.01119555
0.01490563
0.005841486
0.00839923
0.01091007
0.02502275
0.01244532
0.0202771
0.01694471
0.02423768
0.01460806
0.01719148
0.01567336
0.0126723
0.01392493
0.01702146
0.01912505
0.01488485
0.009746073
0.01315759
0.0212623
0.01357911
0.01150047
0.004693871
0.01381
0.02564426
0.02373145
0.01571842
0.01493772
0.009038857
0.01920303
0.01760662
0.01602747
0.01571185
0.009080142
0.01268436
0.04324463
0.01743964
0.009725699
0.01275465
0.0159027
0.0197279
0.01938276
0.03122359
0.03508138
0.0171571
0.00914898
0.01161201
0.01321452
0.01400421
0.006947268
0.009729657
0.01608934
0.007544395
0.01574129
0.009762239
0.008770709
0.005240023
0.003307461
0.00333255
0.006393565
0.01149643
0.01152568
0.00993807
0.00903732
0.008117887
0.009394756
0.01218027
0.007132009
0.01236869
0.005683246
0.008425436
0.02309233
0.01348967
0.02407387
0.02382674
0.01798438
0.01617594
0.01734464
0.01001989
0.01688937
0.02036521
0.02189934
0.02343278
0.0210973
0.02357302
0.03280671
0.02407306
0.01768898
0.009428981
0.00964534
0.003667106
0.00515296
0.01323328
0.008664987
0.01336949
0.01277388
0.01385818
0.0116829
0.01124782
0.00967752
0.01014274
0.01370363
0.01454651
0.01487261
0.01438345
0.01644563
0.01158408
0.01303054
0.009026733
0.01032189
0.008397474
0.01458219
0.007447875
0.009747682
0.01137517
0.01029859
0.02126757
0.01938136
0.0143733
0.01959144
0.01200745
0.02138711
0.02174189
0.0103407
0.01038381
0.0135692
0.02055508
0.01928545
0.0123231
0.006863433
0.006545427
0.007550361
0.003866589
0.004833115
0.009843466
0.01726256
0.01209776
0.01375442
0.01392707
0.01268611
0.01512011
0.01235226
0.005952121
0.006434582
0.01963464
0.0190771
0.01693125
0.004753856
0.0146501
0.02388185
0.01364523
0.01749849
0.01490766
0.0141486
0.00505582
0.008331279
0.003009042
0.005916696
0.009494835
0.007361812
0.00413334
0.004271439
0.002757573
0.003377566
0.006011202
0.01211759
0.009570516
0.01120763
0.02473514
0.01558469
0.01768852
0.01007087
