
0.002833134
-0.04095052
-0.07237409
-0.09471776
-0.04730029
-0.007117904
-0.04955464
-0.05041849
-0.04626389
-0.08994198
-0.1256442
-0.1507075
-0.1543326
-0.1890701
-0.2005643
-0.2022642
-0.1634318
-0.2066955
-0.1963699
-0.2286203
-0.2836513
-0.3182387
-0.345915
-0.3742911
-0.3510662
-0.3323073
-0.3114238
-0.3321031
-0.3347599
-0.3100669
-0.3487968
-0.3387593
-0.3450716
-0.3183821
-0.3117718
-0.3053587
-0.3428449
-0.3495038
-0.3513705
-0.3622247
-0.3218617
-0.2789593
-0.2841529
-0.2321196
-0.2192767
-0.2588392
-0.2344578
-0.2416321
-0.2374569
-0.2674251
-0.347803
-0.4385839
-0.4432447
-0.4563478
-0.4857241
-0.4661745
-0.4558082
-0.4013396
-0.3698101
-0.3652201
-0.3230125
-0.3296742
-0.3142044
-0.3159218
-0.2925957
-0.2816208
-0.2911869
-0.2710296
-0.3011565
-0.356109
-0.3601251
-0.330851
-0.3432645
-0.3253093
-0.3115393
-0.2828357
-0.3126419
-0.3358165
-0.3048492
-0.3238715
-0.3275023
-0.3051108
-0.2674322
-0.2881607
-0.2576732
-0.2912946
-0.3211067
-0.3786001
-0.3645947
-0.3680833
-0.3851269
-0.3709791
-0.3733724
-0.3782546
-0.3514011
-0.3743819
-0.3769903
-0.405098
-0.4118851
-0.4433474
-0.4171894
-0.4367905
-0.427047
-0.3855709
-0.3816863
-0.4227053
-0.4315646
-0.4299161
-0.4393157
-0.4243605
-0.4288072
-0.4807907
-0.476432
-0.4669336
-0.4555364
-0.4378548
-0.3950499
-0.3855336
-0.3985164
-0.4075851
-0.4247257
-0.4325783
-0.3891553
-0.3939509
-0.3895897
-0.3797937
-0.3879068
-0.4005613
-0.406237
-0.4412228
-0.4363165
-0.3842554
-0.3905785
-0.3310321
-0.2641499
-0.3060198
-0.3020964
-0.3001161
-0.2921361
-0.2755279
-0.2113402
-0.168615
-0.1416325
-0.1070045
-0.0723521
-0.06375087
-0.03439549
-0.05179345
-0.06849916
-0.0310226
-0.03306474
-0.002434144
0.0451084
0.06366673
0.04705435
0.04181616
0.01348181
0.003675132
-0.008473797
-0.02501424
-0.01150212
-0.007277693
-0.07118114
-0.1282056
-0.1750466
-0.1969974
-0.1713076
-0.08671432
-0.1007087
-0.1296764
-0.1090221
-0.1161049
-0.08178447
-0.1136613
-0.1084306
-0.08667132
-0.1100424
-0.1482349
-0.09431909
-0.112186
-0.1199353
-0.1200162
-0.1674916
-0.1860805
-0.1531397
-0.1378985
-0.121609
-0.02587922
0.006507218
0.009995812
-0.01681934
-0.04111852
-0.04839016
-0.09336275
-0.1209639
-0.1219676
-0.07147587
-0.09039128
-0.05459205
-0.04402689
7.036362e-05
0.04192124
0.08561019
0.08833208
0.09973304
0.125527
0.170843
0.2035867
0.1955813
0.1967305
0.2249304
0.212199
0.2022179
0.2336268
0.2124437
0.2101865
0.2350892
0.2324946
0.2116146
0.2267852
0.2509587
0.2644188
0.2503221
0.1887986
0.2384626
0.2101989
0.2489289
0.2943698
0.2632813
0.2767618
0.2856254
0.3136188
0.3097097
0.2597531
0.2452209
0.2197474
0.2340628
0.2439707
0.2230305
0.1970378
0.1684364
0.1468337
0.1594119
0.1744399
0.1450237
0.167394
0.1463591
0.1489859
0.1918938
0.207974
0.2254049
0.2490315
0.2480394
0.2394623
0.2664495
0.3000215
0.3226501
0.3053139
0.3121382
0.3212155
0.3155763
0.310064
0.3023886
0.3184618
0.2903734
0.2980702
0.2989222
0.2760259
0.2824567
0.3163013
0.3151348
0.3349212
0.3336536
0.3080902
0.3037779
0.3146543
0.2773442
0.2747946
0.3096303
0.2913107
0.3165371
0.2920539
0.2942954
0.2827646
0.2607832
0.2566515
0.2884963
0.2777247
0.2489727
0.2782798
0.2687187
0.2810918
0.2956744
0.2900766
0.2595269
0.2811509
0.28514
0.2915218
0.293175
0.2781826
