0.04812113
0.03310921
0.01359877
0.01794602
0.01301466
0.01465289
0.01732461
0.009823532
0.006363361
0.01463227
0.0120358
0.01555297
0.01185896
0.02320841
0.01006588
0.01904622
0.01298645
0.01161902
0.008839702
0.010998
0.02621072
0.01945278
0.03424408
0.01752495
0.01084294
0.006305406
0.008608494
0.007550067
0.01350007
0.008329189
0.01139265
0.02557131
0.02533174
0.01734396
0.01453159
0.03109738
0.02581922
0.02764034
0.02748627
0.0213082
0.01493964
0.01544914
0.02759083
0.01865698
0.02322419
0.02455541
0.02148567
0.02262445
0.03469818
0.02531587
0.02692783
0.02818451
0.0194312
0.01540475
0.006945614
0.01784815
0.01294039
0.02201519
0.01833526
0.02687754
0.01564279
0.02215862
0.02206681
0.0181307
0.009632166
0.01387085
0.0129129
0.009334056
0.009028097
0.009428832
0.02167057
0.020238
0.02092139
0.03984018
0.03264596
0.03534965
0.02850266
0.04152227
0.0284959
0.01414161
0.02561125
0.03611261
0.02019941
0.02162341
0.0272649
0.01436359
0.01195803
0.01199486
0.02484332
0.01970537
0.01587427
0.02585644
0.04329195
0.03757507
0.02336525
0.03204782
0.03079088
0.02210078
0.0290688
0.01687962
0.02628488
0.02011012
0.04057054
0.02037434
0.008958344
0.009664511
0.03312632
0.02817503
0.02134626
0.02322762
0.02360234
0.02179696
0.02457538
0.03455913
0.02519587
0.02498121
0.01923963
0.02540609
0.00946091
0.02820236
0.03755585
0.03583479
0.03510845
0.02518304
0.04712063
0.01768849
0.01009172
0.01353134
0.03060208
0.02559401
0.03897032
0.04796696
0.02334551
0.01998821
0.01898692
0.01935458
0.01137086
0.0178297
0.02376637
0.01830598
0.01337883
0.0153488
0.01894386
0.01600893
0.02710807
0.02399697
0.01008272
0.02034528
0.03918562
0.02038352
0.02034511
0.01307841
0.007065752
0.009169974
0.007788979
0.01035593
0.01176729
0.01184388
0.01272178
0.01802254
0.01386069
0.02199674
0.01299549
0.01096579
0.01297813
0.008103992
0.0154286
0.01145629
0.006149835
0.01026415
0.01338599
0.01361464
0.00976557
0.02412511
0.01375813
0.01330922
0.01895674
0.01308146
0.01719969
0.03307569
0.01943504
0.0201477
0.01420378
0.02793448
0.02045555
0.0299596
0.04969221
0.02026176
0.05166085
0.03246198
0.03101322
0.02334733
0.02471043
0.02769459
0.0280872
0.02900576
0.01545255
0.008501551
0.007111977
0.01239861
0.02286821
0.02135494
0.0339675
0.006873711
0.01145251
0.008726744
0.02333835
0.01869667
0.01458738
0.02804447
0.015249
0.01278179
0.01815362
0.0111173
0.007152104
0.01524521
0.0127362
0.01576653
0.02413271
0.03246611
0.01855122
0.03805837
0.01237638
0.008002866
0.003758499
0.02167961
0.01165761
0.02158437
0.01706937
0.009333831
0.01386344
0.01765745
0.02653829
0.01334365
0.0364935
0.03110772
0.02331007
0.008525295
0.01661984
0.008465186
0.01972863
0.01860069
0.01281158
0.009148483
0.01522545
0.01129739
0.01809096
0.01663366
0.02212292
0.01894642
0.009620919
0.02078075
0.01334612
0.01934767
0.02710763
0.01974012
0.01412347
0.02099489
0.02027318
0.02231354
0.04760072
0.02561262
0.03333362
0.01270743
0.008649479
0.01077682
0.01532308
0.01212063
0.02607195
0.02701878
0.03768675
0.02696606
0.01180072
0.01731718
0.01248267
0.01087642
0.01547875
0.008158504
0.01012202
0.00895333
0.007171597
0.01648926
0.04488436
0.03169867
0.03853367
0.03273136
0.03017271
0.03097843
0.02560653
0.03099145
0.03295517
0.04548358
0.02561256
0.01253717
0.01556526
0.01158649
0.01627873
0.01381512
0.02178171
0.01658338
