-0.8644662
-0.8509898
-0.8666829
-0.8347723
-0.8602967
-0.8459763
-0.7889432
-0.8042527
-0.7912361
-0.7873877
-0.7720107
-0.7802479
-0.7567194
-0.7424791
-0.7138768
-0.714624
-0.7064998
-0.6658749
-0.6496647
-0.6524447
-0.6346139
-0.6390826
-0.5940089
-0.5635659
-0.5630379
-0.6052139
-0.6153968
-0.6012393
-0.5706179
-0.5634176
-0.5829499
-0.5846623
-0.5555384
-0.525764
-0.5588357
-0.5786885
-0.5791983
-0.5513929
-0.5407501
-0.5220961
-0.5631429
-0.5767823
-0.5907858
-0.6230912
-0.6233014
-0.5832037
-0.5995805
-0.6086922
-0.6454238
-0.6103207
-0.5919043
-0.5367676
-0.5434237
-0.535744
-0.4771543
-0.4890427
-0.5253009
-0.5357842
-0.5689319
-0.6034323
-0.6506605
-0.6684937
-0.6135545
-0.6107689
-0.6413717
-0.61262
-0.5881812
-0.5923693
-0.6414788
-0.5538665
-0.5827022
-0.5941228
-0.6037233
-0.6200923
-0.6162627
-0.6275344
-0.6092412
-0.5814679
-0.5715423
-0.5232555
-0.5250388
-0.5409242
-0.5819295
-0.6074621
-0.6273113
-0.589725
-0.6223672
-0.5743063
-0.6057501
-0.5438453
-0.5438102
-0.5685769
-0.5403199
-0.4947564
-0.4914242
-0.488519
-0.5295303
-0.4637
-0.4553871
-0.4863948
-0.512245
-0.5244063
-0.5421643
-0.5350037
-0.5019119
-0.4695449
-0.4567234
-0.4346918
-0.4686695
-0.448983
-0.4077838
-0.3997918
-0.425661
-0.4406415
-0.4016002
-0.3844572
-0.4163497
-0.4113876
-0.4440868
-0.4875781
-0.4566763
-0.4821869
-0.5112038
-0.5083231
-0.5258602
-0.5469969
-0.5140383
-0.4778432
-0.480886
-0.4433063
-0.4048169
-0.4421373
-0.4619532
-0.4894962
-0.5068726
-0.4797955
-0.4815089
-0.4741301
-0.4431818
-0.498503
-0.5488747
-0.5574721
-0.6371867
-0.6626107
-0.714037
-0.7418539
-0.7641415
-0.7817146
-0.7916038
-0.8071457
-0.8074819
-0.8642959
-0.8819632
-0.8940943
-0.8697563
-0.8696194
-0.9133257
-0.9073053
-0.8982155
-0.8751947
-0.8831256
-0.8737495
-0.8077489
-0.7626884
-0.7570491
-0.7341969
-0.7489669
-0.79053
-0.7918006
-0.8319216
-0.8464031
-0.7841118
-0.787936
-0.7766132
-0.7762105
-0.8058204
-0.7723122
-0.8006077
-0.8504342
-0.8246973
-0.8306782
-0.8341549
-0.8155951
-0.8134245
-0.7938341
-0.7712159
-0.7820041
-0.8388063
-0.8228208
-0.8270191
-0.8318072
-0.8542167
-0.8576386
-0.8036157
-0.7561292
-0.792836
-0.8137843
-0.8360654
-0.8406664
-0.8099059
-0.7958627
-0.8181202
-0.8175068
-0.8241911
-0.8945286
-0.9041662
-0.9110237
-0.9001117
-0.9482147
-0.9368045
-0.96387
-0.952912
-0.992036
-1.022028
-1.087422
-1.10962
-1.115102
-1.101302
-1.12771
-1.096911
-1.159195
-1.176514
-1.205263
-1.142972
-1.202765
-1.144616
-1.135277
-1.142193
-1.090959
-1.126712
-1.171809
-1.168545
-1.16663
-1.18152
-1.176141
-1.183447
-1.180095
-1.165402
-1.161683
-1.17762
-1.133942
-1.129598
-1.12006
-1.103217
-1.016382
-1.00641
-0.983162
-1.006571
-1.037759
-1.0655
-1.110171
-1.154519
-1.202658
-1.229759
-1.276165
-1.297379
-1.241257
-1.219606
-1.200113
-1.23274
-1.195673
-1.197317
-1.192756
-1.141302
-1.162322
-1.179181
-1.187796
-1.176883
-1.231972
-1.218651
-1.254992
-1.225022
-1.216278
-1.153949
-1.184826
-1.213918
-1.228594
-1.21669
-1.20402
-1.182046
-1.223886
-1.18709
-1.21718
-1.207206
-1.164904
-1.177554
-1.169863
-1.174657
-1.118619
-1.150067
-1.097954
-1.092962
-1.087649
-1.073556
-1.100181
-1.130406
-1.126192
-1.119544
-1.131844
-1.13293
