0.008865112
0.0107712
0.007906996
0.008054763
0.008463628
0.008787429
0.006598943
0.007405358
0.008089857
0.00854153
0.007501133
0.009183955
0.007666974
0.01019743
0.008569387
0.008670415
0.010616
0.009259874
0.008247291
0.01034616
0.01151277
0.009826291
0.008710538
0.009448781
0.00896808
0.00726299
0.009174592
0.008443333
0.00659998
0.01076107
0.009269652
0.009557787
0.007519997
0.009274169
0.01006946
0.009660406
0.01040287
0.009257366
0.008545503
0.007370316
0.009060671
0.007335775
0.01198678
0.008990124
0.01121856
0.009926306
0.00733195
0.007470107
0.008613058
0.01186465
0.008956428
0.009740314
0.009393215
0.007903119
0.007128647
0.007375046
0.008925393
0.007344034
0.01031446
0.01085677
0.007356715
0.006515786
0.007266996
0.007387884
0.007349477
0.007113917
0.009179054
0.008985213
0.00858597
0.01038505
0.008578157
0.009457893
0.008712859
0.007107629
0.00749206
0.009675077
0.009843942
0.009855534
0.01035449
0.007050758
0.01044452
0.006964331
0.009444073
0.009180533
0.008895636
0.008792675
0.01105468
0.006787364
0.006081983
0.01094767
0.01110859
0.008380007
0.009497932
0.01060485
0.008838005
0.007549805
0.008436205
0.007963007
0.006212155
0.0112363
0.008975173
0.007942229
0.006912427
0.007843333
0.006602028
0.009395145
0.006621457
0.007499507
0.00683784
0.008807371
0.008408136
0.005761644
0.009042719
0.008138135
0.007622113
0.007034956
0.0119967
0.007232078
0.01064753
0.009272863
0.007989823
0.01164907
0.007930102
0.01133799
0.007782101
0.007437865
0.01032294
0.008696434
0.008854224
0.007859654
0.01026644
0.009326647
0.009289345
0.006743554
0.006829619
0.008360336
0.008495353
0.006853612
0.01021987
0.009671519
0.007488716
0.006949269
0.007802448
0.007433638
0.006718991
0.006771712
0.01191179
0.009092489
0.009467123
0.01101612
0.006583217
0.007562387
0.005358078
0.01065909
0.009353815
0.0112881
0.007782427
0.01131756
0.008897939
0.008075889
0.008273167
0.01191839
0.008476873
0.008084343
0.009392839
0.007152495
0.01074437
0.009730118
0.008678542
0.007525323
0.007676814
0.01023782
0.007743014
0.008335846
0.007323511
0.01465812
0.009385355
0.009508022
0.0116023
0.009602773
0.01031029
0.009752849
0.01025672
0.009238558
0.007935978
0.008345993
0.009550224
0.007890798
0.008722601
0.008909972
0.006646968
0.009221031
0.009239434
0.01064655
0.01089121
0.007112257
0.007692811
0.009338403
0.008389807
0.007759419
0.01100854
0.006573271
0.008764777
0.006518213
0.008758208
0.007514912
0.007423714
0.00756803
0.008259103
0.009232037
0.006593062
0.0082403
0.007309329
0.006414539
0.007519951
0.01059329
0.009206755
0.008427627
0.008064967
0.005376714
0.007307771
0.00993625
0.01156941
0.008590004
0.009885216
0.008267006
0.007602974
0.009062896
0.007041376
0.008526441
0.007311094
0.009590688
0.007804702
0.008471941
0.007850194
0.006846365
0.007793608
0.007200812
0.009554159
0.007460033
0.009665406
0.01160374
0.008485105
0.007151217
0.008135511
0.009688955
0.00668394
0.009545496
0.007256128
0.007370671
0.008200142
0.009720318
0.01110026
0.007956712
0.007539365
0.01025143
0.008375092
0.007690372
0.008407986
0.009875591
0.008212728
0.007753517
0.007310176
0.01095291
0.007818901
0.007648111
0.007122037
0.009030929
0.006705481
0.01165997
0.007029011
0.01020514
0.007280178
0.01008621
0.01031123
0.009009928
0.008001016
0.009402988
0.008334031
0.007885604
0.01036882
0.01197811
0.007393843
0.008423578
0.007902195
0.008210282
0.007571968
0.00818748
0.007639422
0.008912152
0.006920224
0.009780004
0.009860754
0.008599953
0.007213196
0.008747161
0.01038427
0.007853502
0.007150676
0.009827025
