21.84898
23.53635
21.80581
21.36089
20.75236
21.71318
20.52523
18.59431
19.28216
18.71676
18.51748
18.60928
17.85505
16.66538
17.93251
18.84795
19.39699
17.35031
16.50982
15.09277
14.44449
14.03936
13.04955
13.44156
13.76059
14.69006
13.25355
11.4638
11.46584
11.87175
11.87425
11.84454
11.43038
10.5861
9.951428
9.003808
10.13198
9.279887
8.999539
8.560612
8.973325
8.666728
8.373905
8.415407
7.96619
7.921003
7.373113
7.656351
6.154433
7.240254
7.359752
7.130218
6.890449
6.943853
6.830996
7.265274
7.052759
7.210899
7.278538
7.047354
6.861386
6.669075
6.899951
6.971009
7.952008
7.55043
6.921224
6.773492
6.929698
7.132439
6.889512
6.696795
6.991603
6.710152
6.266098
5.997099
5.172587
5.776
6.002262
6.242878
5.883246
6.227486
6.230164
6.197166
6.519076
7.036652
7.25111
6.945455
7.247102
6.667321
7.071872
6.413068
6.953406
6.708672
6.422564
5.943727
5.706313
6.096418
6.370397
6.148238
6.577144
6.482005
5.978695
5.215208
5.368699
5.575912
4.90863
4.779175
5.136829
5.014151
4.417538
4.556133
4.538256
3.98055
4.155232
3.820025
3.976245
3.585478
3.180836
3.279814
3.008041
2.908595
2.694385
2.897648
2.603942
3.127315
2.858142
2.81149
2.739115
2.841092
2.702561
2.850868
2.856572
3.081846
3.059315
2.868485
2.848374
2.849773
2.895361
2.807279
2.851019
2.909145
2.856102
3.279247
3.29366
3.007108
2.777039
2.631213
2.739009
2.810458
3.039237
2.916513
2.680865
2.614405
2.914279
2.686115
2.612385
2.491451
2.470082
2.534595
2.466349
2.319047
2.598956
2.433452
2.104154
2.292354
2.261915
2.2859
2.136119
2.35609
2.368329
2.560613
2.623833
2.513137
2.590961
2.753547
2.908308
2.764511
2.502758
3.039867
3.015892
3.091592
3.250836
3.528862
3.62513
3.908864
4.015006
4.190547
4.361865
4.327484
3.952788
4.127484
4.244225
3.973758
4.349631
4.077261
4.146187
4.098014
3.946487
3.456991
4.231565
4.599705
4.331162
4.656149
4.293892
4.416868
3.991552
4.058591
3.909281
3.676449
3.365559
3.875677
3.484221
3.524922
3.59224
3.141426
3.580642
3.997122
3.916326
3.809337
4.001893
3.960778
4.124519
3.990155
4.029249
4.619446
4.363929
4.694971
4.399835
4.280207
4.214063
4.072098
3.769188
3.380232
3.786655
3.740786
3.941639
3.787698
3.900368
4.295505
4.206925
4.361071
4.321001
4.708039
4.661232
4.741415
4.630014
4.629852
4.505311
4.83466
4.765258
5.114579
4.672651
4.839204
4.758581
4.335638
4.163953
4.747365
5.369973
5.452412
5.049066
5.131875
4.966614
4.963449
4.9095
5.023548
5.173295
4.809895
4.970752
5.208404
5.184051
5.09709
4.152893
4.036168
3.812533
3.931658
4.123624
4.162213
3.950298
3.453354
3.224841
2.947529
2.903547
2.847309
3.093135
2.989201
2.92519
2.730791
2.601448
2.885968
2.896416
2.701506
3.320456
3.142885
3.164591
3.033503
3.383264
3.173709
3.291556
3.184837
3.106099
2.948269
2.958144
2.888177
2.767802
2.615225
2.65985
2.758852
2.786427
2.557589
2.455398
2.5251
2.405289
2.345165
2.527243
2.562359
2.439638
2.26934
2.417355
2.191502
2.179241
2.275666
2.243921
2.313654
2.492658
2.548384
2.532058
2.704036
2.560248
2.707004
2.47549
2.820857
2.622399
2.762902
2.633244
2.867986
3.323836
2.70644
2.734801
2.900147
2.634167
2.814609
2.692697
2.925561
2.767095
2.64174
2.795217
2.754759
2.681385
2.627563
2.803598
2.487514
2.630003
2.818704
2.654545
2.676094
2.766707
2.754578
2.845439
2.702445
2.862416
2.653604
2.520746
2.447025
2.748804
2.451346
2.961217
3.036811
2.911128
2.764697
2.947122
2.635878
2.336989
2.383197
2.274832
2.19112
2.422266
2.510837
2.464043
2.751087
2.982157
2.992815
3.000533
3.038905
3.472822
3.498526
3.772
3.680663
3.948567
3.869545
3.77236
4.180871
4.722065
4.180994
3.679725
3.765181
3.924903
4.099632
4.061401
4.212884
4.355533
4.441123
4.53405
4.11754
4.445492
4.361212
4.405503
4.243768
4.26312
4.363888
3.806907
3.639335
3.583975
3.258685
3.289693
3.62761
3.468485
3.131339
3.150137
3.366967
3.225264
3.31617
3.282085
3.315806
3.273347
3.365978
3.122621
2.991269
2.969014
3.184831
3.174008
3.125535
3.276273
3.15128
3.505707
3.690814
3.090514
3.310707
3.599383
3.426934
3.422449
3.756684
3.575071
3.596872
3.470814
3.800489
3.993124
4.108181
3.961887
3.866903
3.78243
3.364799
3.478113
3.128918
3.161485
2.900966
2.79233
3.131184
3.226852
3.228878
3.017292
2.907765
2.795285
2.659382
2.786725
2.641745
2.49304
2.426245
2.535919
2.590465
2.593558
2.629421
3.010027
2.833366
2.905053
2.776983
2.494475
2.473877
2.647735
2.447809
2.464572
2.649736
2.435025
2.191443
2.484626
2.267603
2.441242
2.294528
2.337671
2.616812
2.884685
3.200606
3.212519
3.227222
3.443157
3.253326
3.268192
3.248221
3.14446
3.118246
2.953781
3.068119
3.059565
3.315746
3.147409
3.069729
3.005853
2.83413
2.999412
3.243164
3.606987
3.464713
3.270114
3.480564
3.473532
3.48482
3.228587
3.436366
3.257404
3.382909
3.141311
3.113458
3.379913
3.334626
3.464553
3.289787
3.524991
3.236418
3.354472
3.430236
3.654687
3.516574
3.409716
3.278737
3.329748
2.997897
2.481138
2.807438
3.156243
3.413745
3.186368
3.127291
3.013484
3.223563
3.259993
2.870821
2.896017
2.827414
2.814954
2.751935
2.700221
2.524306
2.254613
2.628539
2.57078
2.431549
2.346939
2.03268
2.002961
2.06492
2.103211
2.056234
1.980559
1.711441
1.912419
2.10223
2.035956
1.923671
2.135284
1.871303
2.058311
2.117511
2.041625
1.974311
1.978981
1.96363
1.988334
2.091506
2.118022
2.414811
2.377567
2.117729
2.045606
2.271976
2.254836
2.219254
2.442494
2.447131
2.406047
2.282286
2.225013
2.441386
2.269513
2.329271
2.534549
2.496699
2.414686
2.446552
2.410666
2.491586
2.539095
2.710139
2.992189
3.126705
3.054867
2.992232
3.077675
2.852625
2.978436
3.472438
3.077604
3.350591
3.62118
3.851499
3.790118
3.810101
3.84304
3.908135
3.286139
3.656511
3.830516
3.874877
3.508986
3.978439
3.827656
3.816076
4.032332
4.26853
3.721868
3.686995
3.686049
3.498999
3.500864
3.142988
3.074005
3.063396
3.661129
3.324354
3.463348
3.12604
3.068751
3.110169
3.290958
3.392596
3.600915
3.345814
3.416184
3.195345
3.681949
3.706998
3.904216
3.545157
3.634384
3.382849
3.193753
3.168625
2.846628
2.919815
3.295685
3.34859
3.285023
3.354489
2.943995
3.153179
3.311638
3.220724
3.252945
3.38037
3.098118
2.877578
2.973582
3.349835
3.256229
3.223942
3.078548
3.240823
3.348867
3.778455
3.846182
3.813047
3.605485
3.430508
3.353681
3.238947
3.73527
3.50373
3.310514
3.454363
3.191364
3.068543
3.322987
3.226349
3.3459
3.331718
3.198917
3.511495
3.244048
3.60778
3.494987
3.863139
4.283808
4.513041
4.332772
4.382175
4.590477
4.630819
4.808412
4.874224
5.005087
4.978856
5.060625
5.786909
5.572931
5.735147
5.780513
5.033687
4.644893
4.767147
4.113553
4.397217
4.227546
4.2141
3.766237
4.185079
3.809679
3.672249
3.429796
3.658764
3.503655
3.474614
3.659282
4.004704
4.067147
4.286381
4.162838
4.867676
4.373733
4.138446
4.164255
4.019206
4.484107
4.128817
3.529903
3.243168
3.601653
3.781481
3.668106
3.350788
3.348842
3.274526
3.400828
3.654306
3.788579
3.880419
3.452552
3.267635
3.193348
3.204389
3.083262
2.856378
3.262248
3.36271
3.588443
3.420676
3.447093
3.464745
3.471882
3.222949
3.498344
3.052324
3.083886
3.021185
2.904888
2.373316
2.367427
2.520844
2.549355
2.459214
2.383386
2.65849
2.571774
2.696344
2.650576
2.618231
2.637658
2.716129
2.974007
2.811022
2.802159
3.033465
3.370955
2.980484
2.956575
3.237409
3.295886
3.766162
3.520546
3.695914
3.561678
3.624962
3.84548
4.006273
4.62645
4.313034
4.501119
4.426222
4.22433
4.289394
3.911307
3.824539
3.632931
3.828123
3.731142
3.904255
3.9253
3.963503
4.139113
4.035479
4.173093
4.435949
4.313396
4.20275
3.78224
4.144543
3.709368
4.188338
3.678979
3.808525
4.687281
4.291265
3.897618
3.722403
3.538196
3.324506
2.987478
3.175542
3.155441
3.421417
3.300286
3.152125
3.261189
3.35341
3.550471
3.134171
3.2304
3.143774
3.308854
3.812652
3.631671
3.464422
3.657611
3.541856
3.964465
3.748135
4.275574
3.770623
3.95294
3.725591
3.261072
3.521614
3.507429
3.526095
3.961529
3.981823
4.373429
4.034307
3.65964
3.600261
3.375891
3.476027
3.462753
3.042755
3.136837
3.379485
3.130473
3.226833
3.272671
3.028837
2.865298
3.200081
3.061975
3.077046
2.799981
2.79822
2.828106
2.743824
2.379044
2.396512
2.391347
2.756098
2.638216
2.630487
2.626195
2.588498
2.493535
2.740253
2.938193
2.771916
2.764132
2.74954
2.767961
2.760837
2.924285
2.718799
2.665987
2.567255
2.468695
2.437369
2.757421
2.898944
2.796765
3.241228
3.652084
3.509913
3.413636
3.43847
3.861075
3.919271
3.699822
3.413754
3.4617
3.363433
3.462583
3.048972
2.84936
2.438096
2.545166
2.591884
2.424226
2.633542
2.455228
2.361014
2.322298
2.40005
2.631415
2.489355
2.539517
3.003217
2.616964
2.649223
2.829699
2.940878
2.819851
2.579219
2.574097
2.541383
2.583896
2.688595
2.615435
2.937169
3.270853
2.996536
2.974065
2.961854
2.993989
3.039236
3.27132
3.320413
3.004465
3.143079
3.132391
3.056287
3.362177
3.614228
3.514771
3.088397
3.099639
3.309193
3.290775
2.866367
2.894943
2.676395
2.710151
3.132325
3.360506
2.984985
3.272454
3.294986
3.686472
3.896007
3.613079
3.662178
3.248796
3.75497
3.589745
3.786477
3.998422
4.293114
3.997062
4.220626
4.136172
4.118533
4.174216
4.035304
4.108392
3.572951
3.462215
3.489093
3.751099
3.462784
3.088213
3.499747
3.809557
3.954974
3.968498
4.439169
4.468905
4.087683
3.906257
3.584414
3.741328
3.404803
3.077766
3.359875
3.189994
3.391863
3.498346
3.489597
3.786988
3.587872
3.663435
3.455498
3.643119
3.711294
3.454795
3.376128
3.105482
3.500242
2.846228
2.91788
2.950514
2.739583
2.871529
2.835236
3.045821
3.16238
3.194376
2.803294
2.665787
2.916928
2.648596
2.627693
2.561981
2.516893
2.561124
2.605091
2.715923
2.565845
2.598776
2.560777
2.522116
2.441325
2.59343
2.545788
2.933261
3.136293
3.367935
3.632001
3.829736
3.72719
4.065082
3.672129
4.015765
4.657665
4.494068
4.434473
5.128925
5.094975
5.455624
5.459911
4.970972
4.821475
5.071822
5.049769
4.934023
4.921741
4.776532
5.011905
4.448844
3.853664
3.889537
3.627318
3.603289
4.471686
4.167702
4.044548
4.126571
4.284901
4.008406
4.301514
4.025011
4.600544
5.323642
4.903399
5.353761
4.994035
4.675891
4.744105
4.866528
4.50896
4.517263
4.435712
4.477095
4.784196
5.002206
4.179819
3.791037
3.453702
3.663115
3.749368
3.384276
3.389664
3.537595
3.053422
3.221495
3.32634
3.090446
2.967699
2.91236
3.101367
2.925684
2.96123
2.943926
3.127223
3.037486
2.687229
2.656497
2.602766
2.596582
2.480069
2.410486
2.493197
2.383078
2.378176
2.457271
2.5408
2.72605
2.390408
2.408316
2.559497
2.32322
2.195673
2.285626
2.130498
2.112982
1.9356
1.920232
2.227638
2.511991
2.618785
2.649619
2.536945
2.853664
2.970943
2.830082
2.87409
2.907914
2.493073
2.493091
2.349868
2.460636
2.336846
2.255716
2.444795
2.480792
2.722315
2.537312
2.426327
2.552612
2.189321
1.898253
1.884701
1.765182
1.597833
1.551093
1.780609
1.962047
2.03989
1.967669
2.266462
2.299124
2.266138
2.554235
2.448122
2.788091
2.461624
2.341033
2.308215
2.241629
2.458825
2.339541
2.604704
2.642676
2.522424
2.502598
2.493376
2.495971
2.626495
2.585315
2.567456
2.721182
2.733514
2.876059
2.952123
2.747268
2.641825
2.291409
2.211533
2.341636
2.464133
2.415971
2.513417
2.642755
2.39519
2.225096
2.584766
2.945525
2.847744
2.731125
2.588181
2.488992
2.520585
2.560428
2.955502
2.976174
2.988526
3.258448
3.251206
3.114582
3.297544
3.56455
3.366966
3.040626
2.87198
3.328948
3.276955
3.137211
2.791404
2.534742
2.750772
2.832189
3.147741
2.920257
3.080093
3.470655
3.099521
3.138886
3.33351
3.465876
3.177866
3.023994
3.148719
3.290374
3.368932
3.150685
2.840066
3.06382
2.957956
2.828693
2.798163
3.056966
2.867684
2.90059
2.869806
2.913105
2.585193
2.977083
2.958917
2.940192
2.836137
2.75447
3.047054
2.854114
2.801633
2.605841
2.960136
2.773606
2.810236
3.020657
2.696424
2.525684
2.473212
2.575257
2.436651
2.394398
2.319944
2.657361
2.528659
2.694312
2.667545
2.401671
2.320288
2.41373
2.367034
2.13424
2.118161
2.196849
2.517556
2.195233
2.179776
2.10529
2.046539
2.106878
2.204898
1.987663
1.990501
1.964121
1.868564
1.859795
1.86347
1.731539
1.630816
1.717301
1.690212
1.53872
1.603187
1.734938
1.581061
1.844062
1.883717
2.122338
1.940054
2.179135
2.471253
2.295173
2.463646
2.301034
2.464586
2.344695
2.36668
2.20616
2.230726
2.360531
2.780831
3.048675
3.017914
2.770586
3.130604
3.150288
3.146595
3.240088
3.599759
3.589346
3.408758
3.498051
3.581919
3.586206
3.520876
3.699679
3.774872
3.566391
3.412725
3.544128
3.388158
3.674323
3.67491
3.45307
3.301972
3.118935
3.030247
3.108105
2.919853
3.24218
3.002376
3.477627
3.776302
3.321943
2.99779
2.957081
3.098355
2.811397
2.419618
2.427479
2.113158
2.206273
2.224488
2.51998
2.418352
2.579157
2.71188
2.661463
2.940385
3.119961
3.02553
3.111852
2.916816
2.668381
2.46053
2.232606
2.370903
2.462909
2.376263
2.334923
2.312375
2.291295
2.449376
2.668928
2.618099
2.402843
2.128549
2.107807
2.288454
2.317654
3.015533
2.846382
2.530093
2.622766
2.733499
2.795346
2.946582
3.147935
3.52194
3.213765
3.18478
3.123945
3.005375
3.473064
3.315054
3.493366
3.15914
2.899884
3.370332
2.978245
2.904881
2.837885
2.686265
2.651935
2.435637
2.49924
2.55819
2.707544
2.681951
2.806989
3.100514
3.044805
2.842745
2.68061
2.625382
2.386902
2.748861
2.513012
2.498714
2.357287
2.351365
2.169817
1.935098
1.873032
1.863813
1.892019
2.080646
2.065204
2.150672
2.172762
2.017995
1.994753
2.053219
2.208986
1.957559
2.038145
2.090384
2.140588
2.546696
2.672778
2.749133
2.423132
2.664393
2.589879
2.610008
3.040772
2.643977
2.752213
2.834513
3.040924
3.178269
2.935885
2.683633
3.03598
2.918026
2.656191
2.543078
2.494176
2.640394
2.746184
2.642031
2.681885
3.089375
3.166576
2.734402
2.703568
2.653133
2.8932
2.906018
2.838156
2.545072
2.751237
2.887597
3.123316
3.335514
3.542927
3.891347
4.333859
3.717435
3.974557
4.253887
4.588743
4.374379
4.604974
4.526693
4.466483
4.266435
3.856857
3.810982
3.678135
3.514255
3.363327
3.352476
3.204096
2.95777
3.115921
3.107537
3.247095
3.469056
3.342314
3.576975
3.501632
3.340892
3.677987
3.548931
3.636895
3.661871
4.258683
3.933997
3.905548
4.027888
4.112149
3.903937
3.735984
3.297066
3.129892
3.144189
2.876923
3.209694
2.810676
2.903462
2.761537
2.782832
2.596888
2.380241
2.209577
1.971483
2.082338
1.912114
2.10643
2.066866
2.210703
2.442195
2.686817
2.636227
2.713239
2.989225
3.070516
2.825759
2.847017
2.705302
2.553062
2.57797
2.404695
2.357911
2.364893
2.106931
2.007838
2.205482
2.153701
2.231868
2.285738
2.144148
2.109679
2.037679
2.094508
2.306342
2.154644
2.317303
2.297457
2.059194
2.593151
2.630449
2.605519
2.367116
2.809553
2.639436
2.750262
2.473211
2.381448
2.441959
2.636808
2.707331
2.6572
2.610579
2.947315
3.192108
2.835565
3.198794
2.972255
2.98827
2.818832
2.759526
3.060644
3.152045
3.253841
3.067922
3.203757
3.338754
3.321793
3.066189
2.940588
3.255082
2.988436
3.639166
3.821996
4.042704
3.573218
4.232117
3.964746
3.981653
4.044151
4.132149
4.5441
4.309128
4.209802
4.080349
4.674171
4.274932
3.94037
4.075944
4.213193
4.598001
4.593868
4.35143
4.335272
4.435873
4.793761
4.656687
4.623736
4.179682
3.792795
3.452246
3.522653
3.52352
3.837776
3.624875
3.433299
3.230405
3.27942
3.987887
4.019021
3.641916
4.079286
3.873335
4.219772
4.41637
4.421795
3.925882
3.773703
4.002747
4.663027
4.525598
3.795037
3.460253
3.416836
3.693308
3.754379
3.680966
4.009156
3.936461
4.000392
3.927478
3.985004
3.708653
3.169738
2.957734
3.124113
3.259167
2.987824
3.098577
2.957963
2.996504
3.096157
3.04025
3.108247
3.290636
3.621907
3.672181
3.685927
3.384362
3.474829
3.665187
3.469619
3.33247
3.429397
3.099696
2.982335
2.94644
3.185174
3.097311
3.428663
2.848756
3.066323
3.108335
3.317119
3.445312
3.160407
3.23784
3.178169
2.893889
2.467853
2.706539
2.75862
3.038194
3.112753
3.230602
3.743643
3.66717
3.041573
3.512488
3.295263
3.008274
3.448634
3.672728
3.892601
3.941789
3.353667
3.603277
3.339719
3.325332
3.267995
3.341074
3.684103
3.968607
4.362937
4.694683
4.449662
3.678121
4.007699
3.949774
3.835348
3.979577
3.379595
3.803132
3.732814
3.660512
3.47214
3.654266
3.916904
3.621832
3.685076
4.020285
4.365672
4.08816
4.084935
4.433306
3.945268
3.629482
3.78135
3.373151
3.208909
3.36055
3.191313
2.948807
3.017258
3.131939
2.848275
2.89299
2.366476
2.291438
2.402309
2.365831
2.793199
2.59724
2.280192
2.347889
2.454669
2.623188
2.668649
2.485466
2.388849
2.463788
2.388574
2.293047
2.335235
2.439558
2.504247
2.633081
2.821276
3.136489
3.265287
3.300275
3.358332
3.419832
3.379351
3.49988
3.291162
3.286313
3.38122
4.018107
3.603312
3.399626
3.293303
3.38202
3.615193
3.776922
3.95625
3.638443
3.765197
3.755528
4.318699
4.308618
4.948691
4.773665
4.771061
4.840998
4.430436
4.170362
4.577809
4.561658
4.798728
4.521935
4.561999
4.640248
4.679433
4.302947
4.245711
4.368014
4.551786
4.367899
3.990575
3.695966
3.543438
3.424146
3.587637
3.42433
3.18493
3.428297
4.078204
4.081322
3.991304
3.588983
3.911944
3.943402
4.055409
3.499753
3.464147
3.389901
3.81497
3.498883
3.292707
3.091738
3.193719
3.305168
3.241637
3.526365
3.436706
3.245219
3.270151
3.238783
3.071112
3.038268
3.018406
3.185519
3.534175
3.295274
3.708211
4.143871
4.282614
4.552306
4.43371
3.785787
3.607888
3.501494
3.396558
3.368678
3.709609
3.98944
4.420217
4.102122
4.135513
4.186381
4.261178
3.97476
4.28108
4.173451
3.958125
4.053515
4.618543
4.454461
4.10689
4.342247
3.933531
4.028842
4.132885
4.153109
4.318027
4.377288
4.604943
4.746825
4.498543
4.194966
4.16174
4.138627
4.570406
3.942462
4.192767
3.538176
3.571557
3.992247
3.960211
3.934825
3.580952
3.174981
2.730267
2.6029
2.476599
2.674075
2.594788
2.711258
2.714678
2.803432
2.83718
3.048912
3.079708
3.327825
3.109313
3.14191
3.124815
2.836264
2.725635
2.53398
2.546761
3.11285
2.969494
2.667819
2.669394
2.836483
2.680481
2.569858
2.612438
2.675737
2.660499
2.587399
2.559377
2.662956
2.940979
2.711407
2.734982
2.688594
2.613912
2.813078
3.178789
3.082787
2.790628
2.951887
2.795006
3.001235
3.094688
3.247373
3.261068
3.208398
3.058881
3.195319
2.929166
3.03243
2.935515
2.792688
2.705495
2.813955
2.873094
2.519235
2.484786
2.466928
2.34785
2.356213
2.451518
2.359775
2.326845
2.264885
2.467859
2.587437
2.530183
2.825281
2.763196
2.816835
2.615505
2.971392
2.65779
3.161421
3.419514
3.396844
3.202336
3.073892
3.403983
3.436126
3.483301
3.626046
3.193429
3.116026
3.456114
3.228055
3.235013
3.268881
2.749312
2.700195
2.871681
2.681636
2.661109
2.577552
2.695628
2.834264
2.911179
2.819937
2.55262
2.584451
2.488507
2.323795
2.260888
2.086768
1.96191
2.195334
1.945502
1.944294
1.978654
2.16209
2.292292
2.140438
2.286226
2.279568
2.329723
2.517143
2.275918
2.300024
2.380679
2.323057
2.138406
2.151278
2.015343
2.178635
2.196242
2.059297
2.195154
2.26214
2.226154
2.081287
1.772527
1.828114
2.015181
2.179536
2.287614
2.278401
2.050417
2.112258
2.010467
2.242752
2.03491
2.019205
1.89846
2.246975
2.072281
2.174044
2.28508
2.281464
2.30732
2.195586
2.096512
2.121086
2.276761
2.119313
2.331244
1.987071
2.018757
2.05939
1.938279
1.993118
2.191853
2.062866
1.942542
1.95079
2.008631
1.992294
1.878653
1.823963
1.908847
1.746356
2.058797
1.892362
2.086872
2.207017
2.18003
2.376034
2.501206
2.57717
2.471745
2.299264
2.355863
2.699979
2.782819
2.961085
2.735729
2.866562
3.098734
3.184687
2.912135
3.373092
3.05184
2.732525
2.805454
2.845314
2.707609
2.758974
3.044171
3.146318
2.999581
2.98952
2.972933
2.909598
3.256508
3.24022
3.145157
3.3784
3.318215
3.320012
3.363748
3.506266
3.14769
3.275748
3.053921
3.197833
3.058244
3.571892
4.28846
4.182222
4.052655
4.079272
4.285216
4.015432
3.603985
3.718963
3.92594
3.656373
3.742082
3.714716
3.434423
3.204616
2.950453
2.886206
2.997314
3.184636
2.902883
3.083005
3.229056
2.810669
3.086786
3.336952
3.208204
3.123598
3.362155
3.079509
3.322781
3.213073
2.997081
2.791113
2.559802
2.74259
3.071244
2.795988
2.888738
2.874559
2.789609
2.761533
2.749946
2.834574
3.046207
3.222803
3.237696
3.042273
2.867345
3.166897
2.968326
2.981234
2.740903
2.521033
2.637819
2.902813
3.166212
2.99047
2.77615
2.662595
2.764508
2.801676
2.885688
3.51155
3.248409
3.234658
3.424427
3.369266
3.561417
3.566257
3.457419
3.503363
3.673832
3.204806
2.940768
3.217866
3.421083
2.997239
2.673966
2.614779
2.622238
2.545153
2.790993
2.707863
2.561601
2.895621
2.791688
2.746152
2.533746
2.971905
2.773066
2.94268
3.193056
3.473676
3.566693
3.100513
3.151355
3.173826
2.966906
2.883152
2.901282
2.70532
2.863866
2.785628
2.509532
2.649762
2.886621
2.79504
2.526718
2.286256
2.194768
2.314812
2.253589
2.148071
2.143685
2.068721
2.376328
2.369296
2.467569
2.44362
2.68327
2.76771
2.447484
2.622825
2.673845
2.761171
2.674472
2.5719
2.644404
2.54693
2.627277
2.424502
2.358927
2.36302
2.550647
2.408581
2.313546
2.541337
2.712889
2.529903
2.389434
2.546188
2.655044
2.661366
2.415829
2.630467
2.975701
2.762916
2.732536
2.87558
2.71709
2.796903
2.736859
2.589835
2.661406
2.458441
2.392223
2.472277
2.463554
2.264765
2.084187
2.1766
2.31681
2.17962
2.226867
2.075776
2.240681
2.591684
2.38161
2.647434
2.657314
2.695185
2.954469
2.773371
2.71223
2.864581
2.994957
2.858317
2.930553
2.80355
3.086707
3.246113
3.570468
3.149428
2.890983
2.845069
2.761917
2.704915
2.824744
2.963615
3.338099
3.421596
3.624519
3.806173
3.483076
3.212916
3.141319
3.090247
3.339018
3.233842
3.221572
3.299433
2.813449
3.005922
2.702819
2.7818
2.596937
2.930255
3.26594
3.057497
2.838392
2.693735
2.336238
2.239485
2.320514
2.410952
2.089135
1.957382
2.103109
2.225035
2.820159
2.791868
2.594651
2.779925
2.531988
2.94236
2.883048
3.061945
3.147192
3.381444
3.240227
3.293591
3.425307
2.945063
2.716952
2.922312
2.704922
2.491736
2.531464
2.754729
2.578206
2.839251
2.496751
2.44593
2.474538
2.378171
2.580133
2.848309
2.617871
2.736601
2.718283
2.912475
2.998352
2.964089
2.653742
2.456614
2.560404
2.547182
2.467279
2.310456
2.267818
2.417208
2.604944
2.789298
3.018645
2.957508
2.736422
3.246976
2.848038
3.037776
2.733298
2.266011
2.215739
2.143446
2.175194
2.224341
2.310731
2.515034
2.443943
2.550785
2.471554
2.568233
2.581115
2.629172
2.571238
2.634903
2.48584
2.222921
2.447319
2.613247
2.726023
2.750623
3.205461
2.86079
2.791468
2.958216
3.24086
3.378606
3.240199
3.405066
3.534576
3.872272
3.89461
4.233641
3.942561
4.220244
3.904627
3.818944
4.048967
3.511717
3.334924
3.657175
3.551849
3.448761
3.358785
3.03217
3.107844
2.954341
3.07273
3.074273
3.233485
3.628205
3.788792
3.532114
3.397814
3.312628
3.084646
2.918967
2.734307
3.039601
3.391098
3.551326
3.564979
3.393064
3.163772
3.220295
3.179521
3.43224
3.208684
2.909146
2.683493
2.895144
2.680978
2.820128
2.630012
2.90717
2.861371
3.245796
3.350768
3.310216
3.235578
3.328602
3.229023
3.184327
3.490826
3.656304
3.497732
3.534286
3.560877
3.415057
3.44956
3.491867
3.591757
3.311246
3.370228
3.175539
3.38759
3.988703
4.220323
4.112309
4.276393
4.183772
4.249562
4.140035
3.723775
3.945364
3.619974
3.307002
3.514788
3.237705
3.063982
2.968619
3.240781
3.328563
3.031389
3.026172
3.324239
3.565335
3.748424
3.985714
3.654338
3.671391
3.940119
3.362825
3.304149
3.475023
3.193968
3.514449
3.624862
3.746058
4.000038
3.78922
3.541738
3.747417
3.503568
3.544998
3.157985
3.241514
3.212424
3.388429
3.083031
3.256231
3.571876
3.138047
2.741899
3.04031
2.971007
3.005848
3.072446
2.901261
2.733252
2.52344
2.594339
2.377481
2.270412
2.64787
2.630245
2.893518
3.152223
3.117622
3.0169
2.929196
2.986612
3.220154
3.499426
3.787958
3.512443
2.94871
2.841259
3.302669
3.282451
3.198147
3.279223
3.266831
3.138159
3.239273
2.929172
2.9656
3.152891
3.253712
3.374686
3.592614
3.645335
3.826996
3.304134
3.604562
3.565123
3.742679
3.133925
3.359153
3.224483
3.156634
2.963094
2.776585
2.525799
2.78041
3.088051
3.016916
2.97789
2.98755
3.044886
2.719707
3.106608
3.115505
3.147764
3.259475
3.376368
3.959779
4.065007
4.417808
4.155191
4.132469
4.228013
3.933803
3.99381
4.013148
3.598422
4.015012
3.885858
4.002653
3.486282
3.718566
3.306513
3.695889
3.292971
3.206784
3.605201
3.555796
3.793039
3.964632
3.609663
3.653894
3.469003
3.709471
3.49564
3.309447
3.530546
3.375606
3.202399
3.327575
2.839133
2.855229
2.625022
2.429682
2.470648
2.487283
2.630687
2.772883
2.696621
2.798229
3.179855
3.379903
3.604701
3.418756
3.472481
3.847422
3.847303
4.200562
3.914953
3.501449
3.862529
3.989327
4.005853
3.980484
4.025069
4.518314
4.068234
4.218768
4.558625
4.954014
4.829415
4.473945
4.261202
4.440864
4.148761
3.877736
3.749011
3.958394
3.76153
3.756088
3.946342
4.446095
4.472094
4.469869
5.299849
5.310524
4.91946
4.729485
4.820537
5.331117
4.999073
5.723625
5.435916
4.935075
5.042177
5.52581
5.944043
6.166525
7.634432
7.845335
6.896609
6.593011
6.417441
6.427041
6.850941
6.305787
6.746242
6.66577
5.934144
5.146211
5.904364
5.511224
4.514655
4.5545
4.901558
4.596967
4.307378
4.3705
4.440382
4.53636
5.053138
4.640778
4.92784
5.132249
5.093713
4.477372
4.659182
4.79494
4.65383
5.31897
5.149939
5.137099
5.447836
5.190562
5.147484
4.893104
4.776086
4.819808
4.589281
4.523908
4.651705
4.565082
4.470924
4.621383
3.955615
4.018888
3.693736
4.290112
4.416965
4.260471
3.984641
4.035737
4.136742
3.830842
3.804203
3.882278
3.695156
4.403744
4.436825
4.424999
4.25029
3.506857
3.796355
3.593504
3.643277
3.356961
3.139851
3.099354
3.327133
3.365693
3.556707
3.441042
3.644575
3.544476
3.163368
2.948098
3.04911
3.201987
2.903223
3.350425
3.57951
3.589169
3.090171
3.291334
3.553267
3.627847
3.404836
3.246007
3.046902
3.016222
3.095405
3.31634
2.92653
2.921688
3.164204
3.376004
3.420072
3.255152
3.42608
3.477667
3.40688
3.432437
3.524621
3.380349
3.042589
3.023384
3.169996
2.796198
2.810851
2.712041
2.690294
2.675103
3.056827
2.609381
2.681876
3.047182
2.845239
2.980915
2.760205
3.053978
2.75836
2.598166
2.59255
2.465249
2.541731
2.598875
2.714439
2.806501
2.727504
2.653599
2.864025
2.892194
2.732094
2.486946
2.93813
3.20282
3.132732
3.519897
3.562668
3.435988
3.351947
3.440021
3.311865
3.366943
3.143979
3.314686
3.273134
3.558428
3.889551
3.894836
3.800682
3.857435
3.925556
3.226234
3.106462
3.138239
3.238495
3.063777
2.988298
3.218447
2.988791
3.289099
3.193763
2.97879
2.967437
2.913761
2.813064
2.857744
3.059299
2.725336
2.845495
2.898293
3.208185
3.240389
3.308643
3.644621
3.459548
3.351183
3.06874
2.89742
2.845816
2.963232
3.00019
3.128738
2.928604
2.744357
2.554846
2.600479
2.595026
2.731103
2.77198
2.807626
2.726193
2.614866
2.831851
2.6097
2.535748
2.546576
2.503363
2.268311
2.433393
2.457902
2.888509
3.006605
2.832302
2.956145
2.744758
2.881036
2.830501
2.974311
3.119897
3.184972
3.533365
3.763201
4.058188
4.027446
4.368239
4.465088
4.108914
4.288459
4.378034
4.468772
4.039389
3.80292
3.837496
3.671107
4.304009
4.00726
3.619797
3.504675
3.503565
2.985651
3.427499
3.536787
3.183512
3.255169
2.982047
3.250109
3.696409
3.715016
3.640497
3.134041
3.426563
3.297621
3.162903
3.26263
3.532867
3.50788
3.333365
2.993332
2.973664
2.906573
3.005289
2.777268
2.734961
2.695953
2.860018
2.683121
2.940325
2.632867
2.829205
3.037582
3.739555
3.520387
3.647511
3.826951
4.2555
4.63518
4.821006
5.094131
5.055733
4.897018
5.196119
5.152449
5.059613
4.659965
4.684592
4.896665
4.950204
4.43077
4.665526
4.439312
4.04564
3.892447
3.850076
3.659546
3.609399
3.456828
3.601575
3.441139
3.59988
3.563463
3.595052
3.923164
3.274031
3.224914
3.351135
3.454789
3.354064
3.544195
3.549586
3.304039
3.414423
3.726251
3.666888
3.72637
3.810826
3.386075
3.510575
3.739396
3.7869
3.588171
3.668424
3.840102
3.916611
3.668478
4.149493
3.733181
3.425355
3.782548
3.619838
3.386599
3.718434
3.29782
2.852167
2.760493
2.874896
3.042085
2.777892
2.688683
2.723767
3.187576
2.8352
3.083246
2.49839
2.517186
2.559367
2.862714
2.8357
2.898852
2.65452
2.48805
2.378436
2.628012
2.63266
2.624964
2.592787
2.837562
2.684234
2.435763
2.18128
2.033229
2.176327
2.013941
2.209876
2.190945
2.13289
2.077228
2.085476
2.505334
2.498618
2.355107
2.373453
2.280493
2.353313
2.625678
2.515934
2.866922
2.927396
3.038083
2.845987
2.839768
2.811994
2.760955
2.562628
2.788997
2.605153
2.942781
2.929021
3.284835
3.588926
3.543226
3.490483
2.974419
3.195443
3.192356
3.269283
3.435996
3.137991
3.243711
2.925748
2.999608
3.050992
2.922875
2.646208
2.711549
2.858901
2.971905
2.982221
2.885064
2.811367
2.454251
2.452524
2.94819
2.892174
3.139445
3.257716
2.853696
2.780068
2.747729
3.01367
3.318986
3.245327
3.238187
3.077165
3.163908
3.052308
3.410065
3.160067
2.998412
3.233251
3.438371
3.637581
3.931152
3.492877
3.258861
3.309008
3.629248
3.111903
3.18469
3.3278
3.53567
3.129588
2.992254
2.651841
2.704852
2.792182
2.658356
2.631329
2.85755
2.979062
2.909323
3.091383
3.026758
2.928688
2.765751
3.04039
3.159417
3.270458
3.006919
3.094353
2.945483
3.370383
3.080945
2.845918
2.727396
2.646463
2.510908
2.475052
2.288301
2.478719
2.347421
2.494442
2.756409
2.644535
2.486063
2.470332
2.650363
2.547981
2.807894
2.908637
2.994217
2.908617
3.119726
2.805387
2.655698
2.955267
2.913614
3.173339
3.082987
3.38267
3.724821
3.207012
3.602833
3.136247
3.269461
3.063507
3.032502
3.196648
3.366989
3.361914
3.132518
3.065513
3.443961
3.138001
3.368835
3.290968
2.694836
2.803435
2.959222
2.739878
2.772949
2.953332
2.858826
2.885817
2.862256
3.064403
2.962445
3.118465
3.139736
3.082414
3.469813
2.953265
3.269525
3.125295
3.300971
3.183841
2.973076
3.165733
3.308034
3.363853
3.217603
3.37614
3.593744
3.471654
3.693675
3.886202
3.88394
3.826155
3.649484
3.767585
4.065738
3.597308
3.743845
3.965661
3.754943
3.696229
3.838138
3.880592
3.587994
3.774237
3.617336
3.311828
3.526502
3.726282
3.434525
3.483469
3.4109
2.946808
2.75899
2.626429
2.800595
2.61485
2.392766
2.34159
2.402823
2.622348
2.634899
2.636851
2.253363
2.326178
2.532274
2.459661
2.479807
2.583264
2.861867
3.144037
2.97247
2.671588
2.546389
2.398358
2.311896
2.590162
2.311818
2.360292
2.428509
2.471887
2.664794
2.460387
2.479007
2.558552
2.831334
3.050538
3.070693
2.945993
2.635735
2.79469
2.559826
3.151107
3.010496
3.178468
3.504907
3.374499
2.897465
2.770327
3.169552
2.987045
3.079377
3.070869
3.123692
3.17744
3.419897
3.816235
3.845985
3.91562
4.218098
4.058149
4.26333
3.678659
3.956236
3.811353
4.464667
4.668581
4.453512
3.99554
4.322339
4.214974
4.582973
4.631719
4.353557
3.87955
4.079297
4.530382
5.198638
4.602439
4.352677
4.362631
5.165747
5.405843
5.581114
5.419504
5.536835
5.790987
5.720067
5.698666
4.85162
5.067164
4.772615
4.804959
5.138301
4.987574
5.176323
5.542235
5.762331
6.178356
5.316868
4.793831
4.128373
4.318893
4.117633
4.202931
3.988119
3.862984
3.835853
3.770793
3.94397
4.045803
3.546809
3.528933
3.167181
3.480895
3.594643
3.28415
3.210485
3.319312
3.401832
3.485594
3.312957
3.359921
3.24592
2.767084
2.788942
3.040924
2.981881
2.854505
2.845709
2.552387
2.62389
2.937163
3.257459
2.972817
2.913895
3.305204
3.567199
3.369595
3.282722
3.52134
3.65022
3.53778
3.586209
3.34307
3.389462
3.323429
3.626293
3.575237
3.742767
3.831203
3.712763
3.533108
3.805018
3.433906
3.384468
3.291114
3.320957
3.501889
3.206696
3.513929
3.535678
3.732911
3.7692
3.454344
3.418446
3.273302
3.152786
3.128504
2.782467
2.829506
2.906431
3.252566
3.496327
3.659537
3.514934
3.179955
3.043396
2.783607
2.43973
2.589858
2.510865
2.559279
2.46792
2.384432
2.38346
2.592969
2.381034
2.30844
2.273727
2.311046
2.205093
2.215275
2.558802
2.757645
2.554234
2.71878
2.478913
2.596596
2.60185
2.623981
2.596007
2.903533
3.034907
2.703431
2.672699
3.100878
2.891035
2.876417
2.896808
2.706985
2.607458
2.697552
2.67941
2.604273
2.503086
2.687686
3.054432
3.170166
3.366437
3.470831
3.281688
3.131035
3.053922
3.095706
2.913025
2.838897
3.017606
3.145794
3.028124
3.09582
3.138814
3.641061
3.305177
3.44018
3.338914
3.256632
3.604431
3.560782
3.336219
3.389624
3.442136
3.529766
3.218887
3.470635
3.637317
3.368321
3.642975
3.605016
3.809666
3.756946
3.841862
3.90116
4.197573
5.417756
5.421737
5.729937
5.793581
5.468442
5.612545
5.476445
5.318771
5.324674
4.879008
4.845283
4.919595
4.46487
4.631978
4.684638
4.161281
3.805757
4.053209
3.548504
3.636669
3.675092
3.382165
3.464122
3.220745
3.220071
3.323818
3.174973
3.157988
3.192984
3.048329
3.280698
3.722367
3.075775
3.031757
3.223048
3.457486
3.274925
3.355284
3.308237
3.064088
3.221115
3.406475
3.290195
3.770556
3.497294
3.289837
3.276542
3.290519
3.315476
3.315533
3.671226
3.401928
3.426719
2.95612
3.268251
2.71474
3.07322
3.031133
2.803015
2.718545
2.424028
2.22989
2.371924
2.20712
2.204888
2.202398
2.324632
2.46052
2.499022
2.514886
2.50411
2.537939
2.355085
2.265128
2.45031
2.332885
2.345212
2.214406
2.298273
2.695723
2.558909
2.855017
2.554796
2.495804
2.643969
2.584407
2.509597
2.728888
2.750911
2.762439
2.758251
2.514108
2.043384
2.226066
2.446957
2.270574
2.643112
2.697276
2.607885
2.788722
2.905408
2.623554
2.638037
2.758372
2.974851
3.006641
2.972042
3.045551
3.077298
3.389353
2.971487
3.072382
2.667715
2.826702
2.67292
2.636801
2.533634
2.617113
2.547449
2.51446
2.662023
2.674446
2.893198
3.045618
2.947811
3.172098
3.261097
2.995564
2.582332
2.50204
2.339089
2.087655
2.274618
2.272825
2.261257
2.120403
2.113631
2.037202
2.287606
2.391974
2.611185
2.424927
2.265583
2.195285
2.357612
2.576064
2.780971
3.149423
3.066798
3.21652
3.105958
3.006184
3.065062
3.039397
2.627265
2.803797
2.659007
3.154658
2.942876
2.894433
3.090577
2.73987
2.663503
2.645605
3.218357
3.341555
3.384744
2.977527
3.189712
2.926307
2.890418
2.8675
2.847457
2.961861
3.467582
3.375964
3.32572
3.192173
3.445711
3.420503
3.65794
3.665508
3.629883
4.10448
4.437309
4.017612
3.955465
4.224213
4.2289
3.983777
3.844044
3.558836
3.445825
3.441162
3.760124
3.507321
3.572989
3.911331
4.419611
4.595771
4.382163
5.28503
5.408407
4.621431
5.037343
4.817851
4.781533
4.761267
4.837375
4.8215
5.038421
4.895295
5.325658
4.873511
4.666008
4.361095
4.748364
5.056364
4.915801
4.051576
3.998486
4.214124
3.716168
4.097354
3.959238
3.491971
3.506235
3.70671
3.569008
3.555773
3.796063
3.664227
3.580143
3.208838
3.447755
3.192143
3.339239
3.398206
3.355102
3.212047
3.188485
3.431355
3.63198
3.306419
3.61441
3.592282
3.815793
3.987432
3.743911
4.015803
3.499955
3.456094
3.452988
3.532186
3.861479
3.728575
3.693058
3.329321
3.535025
3.655418
3.78955
3.702705
3.85905
3.781464
3.956808
4.139194
4.36435
4.770443
4.215896
4.36126
4.424762
4.438908
4.806349
4.656428
5.031675
4.739657
5.157601
4.76908
4.557491
5.032092
4.836937
4.583224
4.75938
4.559313
4.929634
4.606048
4.439236
4.38205
4.371211
4.213344
5.290822
5.039827
4.820452
4.214855
4.364095
4.712793
4.7536
4.441571
4.743715
4.632147
4.12089
4.135844
3.6761
3.740038
3.688322
3.803675
3.73753
3.612933
3.358248
3.434954
3.422192
3.701477
3.465183
3.075233
3.374488
3.182601
3.349921
3.33379
3.19186
3.2154
3.542908
3.21409
3.139759
3.318858
3.595244
3.577545
3.932654
4.183999
3.693654
3.497859
3.916273
3.595881
3.166508
3.010687
3.175879
3.174451
3.180247
2.920277
2.858061
2.775555
2.881577
3.206016
3.198103
3.356657
3.183665
3.240512
3.223014
3.357115
3.356275
3.423531
3.258264
3.170757
3.003151
3.232057
3.141601
3.336703
3.129121
3.168132
2.868266
2.969609
2.624764
2.945193
2.747143
2.746756
2.608025
2.689787
3.074728
2.879779
3.284412
3.098829
3.524094
3.658803
3.547604
4.190833
4.110276
4.441137
4.171319
3.962874
3.950083
3.741092
3.814139
3.426323
3.356854
3.607243
3.866918
3.515643
3.747776
3.654814
3.458659
3.707875
3.981312
3.520238
3.693759
3.621545
3.488394
3.709031
3.51459
3.609323
3.017595
3.350183
3.031831
3.437859
3.411167
3.174377
2.832078
3.058169
3.017079
2.839221
2.91264
2.8283
2.72549
2.802357
2.634755
2.635156
3.150144
3.024636
3.350935
3.36206
3.412379
3.700021
4.120975
3.678214
3.802582
3.918974
3.676183
3.461514
3.742531
3.498594
3.125313
2.921618
3.129396
2.970259
2.989411
3.169933
3.118351
2.665156
2.67439
2.766287
3.0472
2.84129
2.734515
2.672092
2.670579
2.744981
2.720577
2.679183
2.515319
2.580488
2.41825
2.315935
2.704058
2.453964
2.491953
2.403996
2.114239
2.386587
2.311096
2.278623
2.140986
2.136959
2.264437
2.183591
1.982648
2.068178
2.126011
2.201091
2.164344
2.147444
2.265466
2.20255
2.183586
2.325859
2.399483
2.366247
2.324934
2.129451
2.305118
2.388067
2.478036
2.510919
2.472887
2.632322
2.249077
2.111969
2.250942
2.193755
2.551562
2.431857
2.900795
2.998082
2.724845
2.485041
2.610384
2.409075
2.734597
2.577462
2.202054
2.451041
2.563339
2.770168
2.794591
2.722368
2.933679
3.204472
3.351085
3.816728
3.441258
3.197509
3.122817
3.518043
3.301564
3.199379
3.350638
3.218768
3.115771
3.350647
2.977522
3.232519
3.046739
3.287315
3.178574
3.28313
3.716527
3.942211
3.717356
3.327717
3.181657
3.486101
3.617652
3.399315
3.499684
3.507205
3.330454
3.3509
3.177772
2.929373
3.008964
3.108254
3.296073
3.298623
3.580467
3.257285
3.097639
3.01078
2.977807
2.998069
2.882959
2.772503
2.993049
3.21051
2.897116
2.981795
3.041164
2.885179
3.078994
3.097518
3.002705
2.65776
2.560234
2.458737
2.580066
2.212099
2.473291
2.749235
2.801825
3.267635
3.318292
3.391629
2.898048
3.052238
3.233078
3.617161
3.201461
3.125691
3.064106
3.083486
2.802469
3.138232
3.628896
3.537698
3.574854
3.61433
3.236827
2.861981
2.900673
3.039542
3.415192
3.295845
3.08435
2.869042
2.781395
2.56084
2.583747
2.496545
2.52369
2.843914
2.922204
3.136341
3.416292
3.435183
3.356042
3.509982
3.571101
3.221754
3.050019
3.222996
3.057673
3.430744
3.302673
3.500735
3.598942
3.255006
3.142773
2.759006
2.685675
2.668167
2.556357
2.472264
2.563921
2.686422
2.784431
2.884757
3.145335
3.282698
3.252501
2.859364
3.099381
2.925056
2.656111
2.653593
2.839949
3.011223
2.943594
2.939842
3.079851
2.834708
2.637037
2.246738
2.142612
2.259009
2.263655
2.351263
2.135985
2.147133
2.332581
2.379274
2.232583
2.144949
1.992289
2.014389
2.272336
2.21475
2.645111
2.404558
2.490448
2.453965
2.302476
2.422148
2.459531
2.602653
2.614198
2.682028
3.126599
3.071155
3.252339
3.234618
3.22578
2.872455
2.652992
2.907477
2.898799
2.685768
2.870168
3.015044
3.099985
3.658033
3.140569
3.359177
3.43455
3.634203
3.367596
3.221355
3.394388
3.692298
3.489749
3.36263
3.260721
2.933512
2.70701
2.847592
3.02323
2.936352
2.576596
2.641644
2.836324
2.838775
2.504926
2.326295
2.635239
2.6082
2.347429
2.408547
2.601456
2.695708
3.040813
2.9452
3.069516
3.076424
3.253013
2.957005
3.471165
3.540959
3.965789
3.969141
4.026974
4.11941
4.366174
4.134168
4.474544
4.818544
4.835124
4.329965
4.251385
4.30421
4.394448
3.902534
4.116986
3.831617
3.549254
3.197364
3.060959
2.612423
2.58076
2.452575
2.490553
2.530208
2.790768
2.975583
2.513901
2.764777
2.928261
2.776042
2.803598
3.054096
3.110308
3.14889
3.167704
3.294667
3.08741
3.184284
2.97513
3.135334
3.241197
3.100463
2.838377
3.092127
3.30188
3.482083
3.299286
3.686851
3.437187
3.244643
3.315193
3.363019
3.305345
3.52734
3.519387
3.130485
3.496574
3.287997
2.95711
3.0552
2.955056
2.67763
3.273701
3.541889
3.808761
3.971659
3.835797
3.839483
4.134839
4.252311
4.059954
4.171018
4.15426
3.640532
3.103852
3.380221
3.149786
3.063925
2.932305
2.818184
2.953445
2.790419
2.965236
2.880014
2.825444
3.021602
3.085372
3.106385
3.186971
3.096461
2.841969
2.709138
2.77467
2.887397
3.096727
2.872436
2.718556
2.865173
3.243724
3.440414
3.639253
3.419858
3.168262
3.069695
2.876236
3.086692
2.998328
3.37404
3.466721
3.699941
3.936188
4.004162
3.97199
4.329915
5.149452
5.273297
4.290646
4.964079
4.843495
4.53213
4.307372
4.119089
3.876421
3.74152
3.571256
3.559231
3.779289
3.790291
3.885912
3.907526
4.637205
4.552769
5.333628
5.154701
4.769053
4.469971
4.262944
3.944029
3.743648
3.735693
3.852542
4.148889
3.775535
3.339421
3.553785
3.416079
3.402354
3.318478
3.074706
3.095423
3.037961
2.887531
3.058867
3.552416
3.97792
4.127185
4.203537
3.645366
3.478278
3.833182
3.548101
3.06967
3.127293
3.429044
3.561709
3.535197
3.672152
3.363993
3.221538
3.446481
3.017881
3.36197
3.675384
3.455965
3.086959
3.225069
3.328656
3.561093
3.868806
3.5638
3.503705
4.064411
4.180725
3.910371
3.893644
4.247587
4.065048
4.440065
4.457641
4.323878
4.452334
4.729271
4.547614
4.920721
4.948388
4.75252
4.279358
4.48261
4.298754
4.118256
4.181339
4.167688
4.083925
4.554843
4.749482
4.737367
4.871365
5.225692
5.082283
4.698917
4.772128
4.934573
4.691485
4.872758
4.44394
4.114805
4.441149
4.319798
3.61292
3.637798
4.180186
3.939382
3.879946
3.709636
3.9646
3.56838
3.354518
3.285671
3.462118
3.504701
3.592958
3.490929
3.234198
3.139301
2.894174
2.926429
3.069067
2.693506
3.265681
3.299352
3.259468
3.271981
3.25482
3.136781
3.258758
3.322562
3.726936
3.544257
3.753297
3.774109
3.805367
3.894425
4.004266
4.189161
4.65234
4.282701
3.93566
3.56206
3.518733
3.261201
3.42642
3.233791
3.537713
3.519793
3.277236
3.014599
3.172541
3.02544
2.95179
3.29188
3.268319
3.183327
3.115461
3.372575
3.857015
4.125416
4.563542
4.478929
3.946847
3.569489
3.432274
3.490686
3.338431
3.23472
3.139679
3.066339
2.892118
2.872967
2.894554
3.09272
3.353749
3.289309
3.483184
3.337254
3.347194
3.869347
3.779099
3.548102
3.773475
3.541289
3.890154
3.808285
3.642824
3.462247
3.213478
3.094785
3.000561
2.976011
2.762955
2.869764
2.872607
2.4874
2.691466
2.733783
2.874216
3.14998
3.022762
2.856312
2.748279
2.547862
2.67423
2.448078
2.809661
2.705004
3.010277
3.051512
3.447368
3.646223
3.535627
3.472739
3.125389
2.748393
2.802799
2.718593
2.781622
2.435668
2.229598
2.128904
2.148388
2.373094
2.317754
2.196759
2.150892
1.941311
2.079288
1.94949
2.239838
2.315242
2.356806
2.482331
2.571511
2.444466
2.471176
2.318291
2.353429
2.148929
2.454221
2.27642
2.422678
2.702211
2.676803
2.62452
2.998541
2.840649
3.138917
3.221408
3.37272
3.287242
3.065656
3.37368
2.97511
3.061442
2.939394
3.204606
2.809036
2.930265
2.999143
2.523121
2.584072
2.548212
2.535765
2.389277
2.425222
2.19091
2.021773
1.916818
1.703101
1.81085
1.93518
2.018331
2.223392
2.139641
1.944046
2.034039
1.963976
2.153566
2.276918
2.068937
2.121671
1.979004
1.979847
1.940214
2.153329
2.293095
2.347178
2.100231
2.12917
2.23119
2.206447
2.201028
2.074768
2.029129
2.33435
2.229202
2.429782
2.415365
2.319143
2.391011
2.619935
2.394849
2.469999
2.598544
2.544024
2.954922
2.869474
2.72669
2.691004
2.970133
2.984835
2.556949
2.422199
2.380303
2.580122
2.785038
2.90858
2.647939
2.993419
3.141254
2.968929
2.501645
2.433385
2.740288
2.785408
2.569442
2.381228
2.379014
2.663038
2.90546
2.580089
2.811827
2.989977
2.804715
2.790541
2.714005
2.694419
2.758745
3.06314
3.310641
2.899537
3.190547
3.11942
2.914833
2.939207
2.72493
2.902663
2.775353
2.600063
2.902409
2.37035
2.635286
2.628515
2.788988
2.492471
2.284507
2.372901
2.441003
2.478436
2.598937
2.503225
2.445608
2.339407
2.344429
2.103111
2.124434
1.823979
2.008425
1.900742
2.153774
2.090502
2.180838
2.133636
1.902913
2.225495
2.528193
2.592341
2.610965
2.34408
2.368464
2.478404
2.828263
2.758676
2.506311
2.519811
2.505733
2.319225
2.287713
2.183014
2.204234
2.19165
2.081321
2.248711
2.18057
1.955624
1.907827
2.104752
2.187737
2.107554
1.908888
2.194849
2.500274
2.760261
2.801014
2.486639
2.288211
2.439657
2.590101
2.393934
2.431737
2.486425
3.00413
3.166116
3.508452
3.513016
3.476459
3.215699
3.534748
3.769052
3.236272
3.474463
3.584422
3.859586
3.892851
3.727197
3.307721
3.206059
2.996781
2.702934
2.993495
3.184505
3.387625
3.669307
3.312797
3.536862
3.333335
2.793941
2.664039
2.670766
2.766978
2.77911
2.701939
2.731159
2.549263
2.926931
2.883344
2.710683
2.693065
2.653958
2.737009
2.385193
2.337254
2.412965
2.512812
2.521473
2.66244
2.408997
2.538826
2.492366
2.630152
2.554041
2.519216
2.449541
2.439535
2.339876
2.477295
2.464859
2.749006
2.802098
2.65139
2.726617
2.64878
3.122993
3.062427
3.3189
3.423103
3.180866
3.318193
3.230836
3.23607
3.470691
3.254563
2.814312
3.228465
3.336967
3.182005
3.271667
3.034351
2.676766
2.470091
2.850509
2.894697
2.840876
2.943567
2.955395
2.889659
2.461313
2.487129
2.736543
2.726599
2.717821
2.773856
2.751551
2.976257
2.868811
3.005828
3.005384
2.891699
2.750636
2.862786
2.702138
2.995986
3.107238
3.115971
2.899469
3.013307
2.554459
2.67897
2.728826
2.459674
2.169019
2.199272
2.242283
2.605236
2.439339
2.408124
2.264027
2.079491
2.312584
2.609673
2.628155
2.455559
2.307874
2.604159
2.580142
2.409304
2.541326
2.511702
2.825735
2.953392
3.004479
2.728577
2.375148
2.573271
2.547894
2.795471
2.757315
2.840057
2.664162
2.700138
2.730555
2.60891
2.697789
2.936912
3.123907
3.083198
2.951408
2.802962
3.002404
2.769764
3.003466
2.979465
2.903695
2.880982
2.748383
2.846128
3.039563
3.217281
2.75044
2.806284
2.839576
2.826601
2.97516
3.215581
3.256178
3.789648
3.680244
3.327076
3.24837
3.613275
3.393846
3.471365
3.832058
4.031096
4.542338
4.509883
4.961953
4.778583
4.434593
4.750765
4.279733
4.014917
4.118298
4.038224
4.262625
4.340353
4.428565
4.127001
3.735256
3.664991
3.89469
4.193946
4.017683
3.800142
3.695483
3.800129
3.764168
3.231889
3.212547
3.458986
3.906081
3.49163
3.644959
3.990682
3.955605
3.667226
4.286115
3.698345
3.87507
4.182027
3.948069
3.920967
3.981404
4.007004
3.565321
3.824012
4.103455
4.426872
4.237067
4.250463
4.331962
4.201918
4.459906
3.953832
4.453773
4.410491
4.986937
4.665901
4.097492
4.268627
3.993893
4.01274
3.917844
3.783584
3.932719
3.838978
4.017855
3.791222
3.734383
3.582777
3.533228
3.81211
3.921611
3.494743
2.966802
3.088995
3.252904
3.447685
3.017408
2.915246
3.176544
3.256998
3.321998
3.103696
3.239769
3.034186
2.911978
2.75104
2.75866
2.818116
2.708821
3.128036
3.152199
3.167904
3.053864
3.02934
3.184341
2.75601
2.817081
2.441221
2.588933
2.309243
2.535481
2.458306
2.385846
2.42251
2.143046
2.210188
2.324907
1.960695
2.239499
1.947138
2.213728
2.245498
2.228309
2.174849
2.3398
2.166396
2.368468
2.810905
2.666866
2.658858
2.438182
2.661268
2.976924
3.208952
3.130283
3.674065
3.387399
3.416755
3.302044
3.390437
3.280599
3.355138
3.265828
3.261387
3.179522
3.362828
3.540888
3.559044
3.959416
4.302014
4.670991
5.096659
5.053875
5.420384
5.41671
5.403252
5.725936
5.271009
5.856786
5.902368
5.653655
5.255764
4.820636
4.897719
4.764046
4.539203
4.829593
4.554861
4.452014
3.97587
3.878054
3.718699
3.793456
3.932938
3.713257
3.877773
3.937507
3.966426
3.877823
3.80998
3.347693
3.378894
3.456058
3.354689
3.075805
3.038761
3.135623
3.384084
3.066891
3.009936
2.842448
2.709482
2.644172
2.837619
2.867957
3.15515
3.096607
2.89371
3.070741
3.41897
3.040802
3.579244
3.617876
3.316495
3.208475
3.70799
3.476663
3.401917
3.287154
3.741274
3.786571
3.51699
4.05967
4.16733
4.094822
4.284187
4.093611
3.881709
3.995012
3.869228
3.776499
4.185475
4.069845
4.250406
4.569862
4.382149
4.694963
4.847514
4.666192
4.670342
4.657019
4.515309
4.234875
4.476008
4.613145
4.678815
4.408498
5.066017
4.612168
4.51559
4.440179
4.761202
4.769129
4.090195
4.010642
3.855852
3.837985
4.27597
4.330206
4.424088
4.485344
4.440401
3.919059
3.877084
4.21881
3.828314
3.8137
3.53748
2.972502
3.256574
3.342269
3.10124
3.195556
3.131642
3.140695
3.366159
3.581138
3.643578
3.610806
3.604388
3.365783
2.809691
2.830948
3.168192
2.805174
3.00367
2.823332
2.57772
2.530951
2.652145
2.557752
2.982021
2.74071
2.776255
2.834068
2.754362
2.763146
2.742435
2.617994
2.624431
2.422738
2.331279
2.460872
2.357678
2.401846
2.511402
2.537011
2.6243
2.65166
2.419589
2.551275
2.883519
2.86578
2.803647
3.064414
3.435946
3.466749
3.491502
3.634963
4.011444
3.996416
3.927097
3.869666
3.459668
3.227072
3.423487
3.729999
3.873196
3.748262
3.620696
4.015316
4.166336
4.354107
3.890658
4.070658
3.989486
4.655143
4.247967
4.018387
3.902012
3.595856
3.687667
3.592844
3.257747
3.489059
3.780318
3.605713
3.818685
3.691832
3.889687
3.503148
3.993927
4.452469
3.936172
3.836569
3.588777
3.680593
3.569181
3.904982
3.704234
3.394782
3.636157
3.095465
3.30296
3.507651
3.785855
3.325067
3.308111
3.196736
2.849006
3.011222
2.887537
2.871249
2.75254
2.763689
2.469516
2.410046
2.721354
2.834814
2.57358
2.790713
3.214068
3.332864
3.639115
3.527104
3.119664
3.371705
3.00809
2.998185
3.035149
2.735113
2.719606
2.856958
2.795759
2.848028
2.934895
2.757499
2.810327
2.874201
2.56489
2.837388
2.896198
2.743611
2.539398
2.781293
2.592886
2.602905
2.737681
2.907327
3.044478
2.738048
2.453296
2.913122
3.056975
3.039508
2.898368
2.650609
2.54508
2.410079
2.328924
2.326569
2.214133
2.126281
2.190924
2.184571
1.947174
2.024252
2.21455
2.318089
2.091224
1.78141
2.059323
2.048128
2.019897
2.010843
2.024816
1.965374
1.971928
1.988623
1.926149
2.129157
2.050578
1.903652
1.7226
1.869822
1.804671
1.835377
1.738305
1.906222
2.078607
1.984765
2.037372
2.186998
2.129317
1.960956
2.250689
2.286635
2.249684
2.024823
2.032825
2.171442
2.053808
2.31621
2.250731
2.151557
2.044736
2.075782
2.096805
2.248279
2.086525
1.8991
1.922589
1.943352
2.001439
1.900807
1.768195
1.879154
1.950617
2.016161
2.177152
2.164823
2.158239
2.190352
2.187376
2.065184
2.051048
1.848382
1.86851
1.798046
1.955709
1.936
2.002997
2.051188
1.971892
1.924829
1.937346
1.668115
1.895797
2.051936
2.100851
2.176995
2.243759
2.207443
2.245884
2.080708
2.099019
2.099033
2.095733
2.263161
2.225083
2.068609
1.877204
1.975992
1.847017
1.914572
1.970081
2.036888
2.22935
2.197906
2.070741
2.138985
2.033821
2.110416
1.782152
1.719407
1.875834
1.700049
1.906861
1.588096
1.716874
1.541293
1.759261
1.913762
2.191955
2.258462
2.286015
2.386297
2.187546
2.358071
2.522105
2.989356
2.886667
3.001329
2.77329
2.70102
2.99023
3.047816
3.608113
3.666977
4.078607
3.8711
4.015565
3.67228
3.842471
3.725314
4.234301
3.991611
3.720258
3.519102
3.293125
3.594056
4.170556
4.046738
4.347315
3.925427
3.858119
3.940752
4.037364
3.483556
3.350708
3.697691
3.877523
3.776345
3.631955
4.167363
3.626404
3.915548
4.090921
4.11809
4.098349
4.579472
4.393054
4.333632
3.980924
4.05514
3.908251
4.24625
4.215332
4.522189
4.280999
4.501369
4.779344
4.764228
4.597569
4.628782
4.77334
4.57803
5.214816
4.863219
4.771201
4.505288
4.413281
4.279691
3.734749
