6.119757
5.702243
5.188046
4.594298
4.439192
4.778124
4.274716
5.023748
4.389197
4.204723
4.44945
5.167324
5.203955
4.183336
4.862387
4.222517
4.62717
4.592778
4.818044
3.900889
3.700456
4.241648
3.86005
4.268349
4.754616
4.039785
3.72834
3.660324
3.562101
3.1046
3.353749
3.64798
2.863727
2.641765
2.546481
2.778632
2.419874
2.496595
2.060042
2.144871
2.969056
2.574472
2.258135
2.554727
2.97499
2.347734
2.077873
1.83822
1.728806
1.670192
1.746765
1.723573
2.066481
1.938246
2.205553
2.342612
2.794922
2.852445
2.60086
2.233399
2.553796
2.83148
2.860922
2.910602
2.642117
2.615994
2.176421
2.092316
2.283682
1.640279
1.750993
1.33686
1.951885
1.816021
1.814466
2.003739
2.263759
2.078324
1.964628
2.249547
2.080696
1.478273
1.569183
1.522321
1.944326
1.613357
1.711631
2.104027
1.820086
1.862351
1.868147
2.041456
1.997819
2.132459
2.071709
1.746633
1.623476
1.555581
1.767769
1.636185
1.677249
1.455227
1.517944
1.444635
1.387976
1.421796
1.438766
1.457085
1.347824
1.423476
1.392735
1.358545
1.342486
1.21375
1.264879
1.123618
1.009135
1.04873
0.8797178
0.8892773
0.8756802
0.7603705
0.7417219
0.8783153
0.899362
0.8034222
0.9730291
0.9448858
0.8846935
1.006196
0.8913688
0.7362735
0.8328501
0.824066
0.7812893
0.7797413
0.8022445
0.9405792
0.7329481
0.8322471
0.8177004
0.8816103
0.8300113
0.7421941
0.8263387
0.7220335
0.674081
0.7062315
0.6704642
0.7088163
0.670765
0.6286418
0.6856437
0.6666888
0.6662385
0.6531766
0.7087034
0.6859128
0.6693721
0.5554181
0.5396825
0.5265125
0.542394
0.637608
0.5887473
0.5077873
0.4560607
0.6180422
0.5584393
0.4679859
0.6650128
0.6083205
0.6079562
0.5659748
0.5497113
0.573957
0.6810499
0.8009741
0.7284267
0.7587595
0.8899953
0.9248167
0.9900413
0.9409352
1.04528
1.128122
0.9335469
1.224567
1.336512
1.222931
1.513654
1.161443
1.199179
1.437383
1.42609
1.601609
1.797803
1.635257
1.329925
1.226356
1.296348
1.17956
1.212723
0.9813092
0.9625579
1.066417
1.137232
1.015712
1.00889
0.8234233
0.8938462
0.8640539
1.051913
0.7972043
1.069859
1.091568
1.031502
1.159058
1.175836
1.117072
1.259627
1.261855
1.196359
1.086304
1.392633
1.594333
1.426746
1.224183
1.150378
1.113109
1.252373
1.084665
1.015914
1.139742
1.172044
1.118863
1.098043
1.090618
1.186568
1.147833
1.498202
1.450046
1.021695
1.416872
1.354418
1.16812
1.098407
1.239472
1.347789
1.195106
1.493763
1.709394
1.119258
1.27863
1.493354
1.076943
1.472145
1.27533
1.356936
1.305014
1.286891
1.248402
1.312856
1.325954
1.231975
1.280815
1.415257
1.686079
1.478085
1.442332
1.249699
1.284869
1.093967
0.8963945
1.024004
0.9285143
0.8024886
0.7441673
0.8292876
0.7992956
0.9066019
0.8754861
0.8992223
0.8059968
0.9536508
1.060424
1.123759
0.7505281
0.7274563
0.7126444
0.9474464
1.090583
0.935366
0.9567917
0.8168805
0.9522378
0.8352854
0.8642311
0.9224038
0.9453855
1.058176
0.9376319
0.6908518
0.7266639
0.7646618
0.5791805
0.5261642
0.5773233
0.5760433
0.6330152
0.6447472
0.6515771
0.712608
0.649791
0.6142558
0.6782821
0.6269293
0.7136962
0.6717384
0.6448044
0.5605422
0.590693
0.6572209
0.5760234
0.5968426
0.712149
0.8348632
0.7768214
0.9469311
0.7649925
0.7850834
0.7892757
0.6719434
0.690616
0.8776027
0.806299
0.8325086
0.691517
0.6666128
0.917518
0.9660176
0.7331542
0.8405029
0.8474098
0.6021485
0.5296303
0.6391314
0.5493117
0.5683216
0.6124582
0.7190453
0.7196203
0.7034233
0.6778041
0.6390492
0.6370617
0.6843512
0.702256
0.7331329
0.7030108
0.6788581
0.6841241
0.713933
0.7594162
0.6241507
0.6367751
0.6560079
0.6568914
0.6698215
0.6910536
0.5694077
0.6018763
0.7027021
0.5128834
0.4732581
0.5624044
0.5607049
0.5454703
0.5556705
0.5105748
0.7040843
0.7167282
0.7600429
0.8347214
1.025255
1.224665
1.129276
1.078123
1.103776
1.206274
1.534506
1.049157
1.186473
1.115484
1.162778
1.452801
1.106321
1.089929
0.9571293
0.9433754
1.123267
1.154147
1.166333
1.084573
0.9293925
1.097158
0.849564
0.9935067
0.8075254
0.8044105
0.798094
0.789717
0.7839517
0.7733469
0.7545318
0.8538441
0.8459606
0.7209332
0.8909016
0.8876654
1.000884
1.036245
1.08692
0.9701075
0.9698989
0.930828
0.9615202
0.7819614
0.8911513
0.8033814
0.8224098
1.144809
0.9409656
1.271714
1.090481
0.9465338
1.164249
1.003599
0.995542
1.072853
1.106849
1.142759
0.9707339
0.964518
0.8673549
0.8188045
1.019882
1.003796
0.9602956
1.045281
1.058102
0.8827819
0.864759
0.728096
0.7691414
0.9570872
0.9691404
0.8109693
0.8207868
0.8290268
1.140126
1.064296
0.9280939
0.9405979
0.7576286
0.7509088
0.9252663
0.8279263
0.8156529
0.9186975
0.8968768
0.831002
0.7755229
0.7556682
0.7035771
0.613624
0.5061645
0.4930035
0.5475302
0.5530137
0.4572373
0.4846902
0.5414342
0.6760257
0.5947043
0.735579
0.7405491
0.7533962
0.7836943
0.7439349
0.776071
0.8035693
0.8490023
1.000275
1.177465
0.986703
1.124424
0.862639
0.9406657
0.9923658
0.9857876
0.9540047
1.149155
0.8481479
0.7952515
0.7331486
0.6685865
0.6224321
0.7048987
0.8434755
0.7618825
0.8326811
0.8833613
0.8987998
1.160687
1.020973
0.8873793
0.7488438
0.8924062
0.9215524
0.7977503
0.8740769
0.8295458
0.8275379
0.7415492
0.7653599
0.758158
0.8049716
0.9303436
1.134892
1.220512
0.8667408
1.089144
1.272802
0.9747438
0.8349293
0.8816546
0.811766
0.8628305
0.8810493
0.8038833
0.8603183
1.04038
1.071869
1.130569
0.8125876
0.8292489
0.6792318
0.9021092
0.8784049
0.6669184
0.6879383
0.625465
0.7463872
0.7720989
0.5042945
0.5227116
0.5420606
0.6163602
0.529894
0.4814197
0.4825553
0.6310289
0.5678761
0.4540687
0.4013605
0.4175466
0.5190205
0.5730971
0.4956696
0.5437616
0.4919114
0.4559027
0.5191684
0.5872407
0.5705744
0.536874
0.5563248
0.5271221
0.5395618
0.6412294
0.6447593
0.5367102
0.5582209
0.623115
0.5527911
0.5923463
0.565005
0.6020498
0.6776977
0.6516639
0.6467385
0.7425023
0.716842
0.8965861
0.8998566
0.8284324
0.698566
0.6626326
0.5841195
0.6307408
0.6996665
0.669364
0.6249603
0.6118836
0.8252711
0.8208899
1.053284
1.086743
0.9735091
1.041538
0.9850633
0.8645829
1.039197
0.9232489
1.043158
0.9549065
0.9619172
0.8134029
0.769345
0.9686554
1.132814
1.326333
0.967598
1.006255
0.9813159
1.096344
1.25036
1.077405
1.090648
0.982063
0.9272365
0.7385386
0.7926835
0.9533971
1.036099
0.8546325
0.8858041
1.040846
0.8115456
0.9277778
0.9952911
0.8567595
0.7966075
0.8338896
0.9115439
0.959701
1.02007
1.078342
1.086351
0.8346567
0.8574579
1.007051
1.030961
1.175644
0.9735443
1.015581
0.9119661
0.747598
0.6163065
0.7366369
0.7526012
0.7309125
0.9513305
0.8555636
0.8296357
0.9408543
0.9101037
1.012943
0.9520162
0.8253187
0.8057352
0.79505
0.709719
0.8013591
0.8297228
1.079763
0.9187006
0.8721031
0.814772
0.8912413
0.9610286
1.104755
1.096755
1.160279
1.233872
0.9917947
0.9980873
1.015044
0.8161719
0.7139437
0.8868297
0.8407784
0.9663477
0.9964109
0.8935194
1.121982
1.175691
1.253314
1.29382
1.325222
1.517965
1.47888
1.35068
1.51413
1.197091
1.662446
1.599143
1.453819
1.172461
1.38447
1.46543
1.384205
1.372581
1.407986
1.586676
1.358301
1.101085
1.091165
0.86579
0.806965
0.9457699
0.9869552
1.139492
1.051654
1.150021
1.182927
1.004613
1.035706
1.064236
0.7789667
0.9727646
0.9614352
1.12725
1.258704
0.9639025
0.8744069
0.8604346
0.9308727
0.9982595
0.9043249
1.01423
0.9551066
0.8786319
0.7568893
0.9368843
1.030095
0.9330931
0.9653676
0.8791363
0.8392913
0.7923219
0.8269189
0.8755022
0.8055395
0.8236222
1.107517
1.034602
0.9766474
1.235987
1.001856
0.9756456
1.078039
1.057951
0.9285999
1.128916
0.9202071
0.8981699
0.6485605
0.6611242
0.6463586
0.5929073
0.6383862
0.6155999
0.7771541
0.7522181
0.7400784
0.7052964
0.8200547
0.8191889
0.8597039
0.7725492
0.7001541
0.7493017
0.6272127
0.6254838
0.6858541
0.8134968
0.7511648
0.7364229
0.6678843
0.9434215
0.8332178
0.7881083
0.719898
0.8449992
0.8524577
0.9165442
0.8904069
1.019067
1.088747
1.105194
1.20338
1.191504
1.035826
1.266085
1.285744
1.424972
1.452723
1.684855
1.397863
1.117109
1.11218
1.099829
1.289934
1.48036
1.34281
1.196539
1.135174
1.304719
1.371169
1.397613
1.187518
1.100675
1.083729
1.046001
1.228374
1.037833
1.113508
1.000623
1.202205
1.019942
0.9458196
1.065929
0.7711627
0.6819827
0.6726572
0.7759008
0.7506347
0.6357103
0.7476438
0.8582023
0.8317241
0.9127479
0.7646035
0.8110241
0.827745
0.8117938
0.9218641
0.9020699
0.8200504
0.8587242
1.151572
1.062422
1.108867
1.068821
0.891912
1.052653
0.8116565
0.8001587
0.8316929
1.175423
1.030979
1.139536
1.017703
0.8304083
0.7435116
0.812566
1.032408
1.005687
0.7618466
0.8452067
1.025956
0.8175042
0.7118735
0.7728863
0.7904335
0.9991293
0.9488083
0.7371734
0.6146648
0.6470614
0.6828417
0.6891436
0.7025097
0.6829697
0.5486995
0.5397595
0.5616159
0.6891324
0.5680119
0.5634055
0.5617247
0.5879362
0.7307507
0.752373
0.7697939
0.8349339
0.8326187
0.9067966
0.8220443
0.8439655
0.5954808
0.7088214
0.6816098
0.5766272
0.6361304
0.7572883
0.841892
0.9601939
0.9750783
0.8798883
0.7890597
0.9930288
0.8447981
0.918494
0.9383584
1.064363
0.8185973
0.9223072
0.869524
0.9608718
1.078337
0.9697522
0.7993297
0.6483822
0.6169158
0.6093704
0.5432213
0.5017551
0.6085196
0.5137216
0.6497797
0.5820594
0.5436231
0.6306231
0.5689467
0.6480513
0.7933375
0.857944
0.8066611
0.7670947
0.922405
0.9233256
0.84294
0.7396183
0.7248614
0.7252209
0.6894048
0.8366614
0.7559581
0.9521521
0.8054959
0.7232334
0.8544756
1.051552
0.8131699
1.047383
1.4532
0.970362
0.8438036
0.9189257
0.9459507
1.038208
0.8675964
0.7907831
0.6896309
0.6681255
0.7602144
0.853711
0.754762
0.8607684
0.8250041
0.9175786
1.059225
1.065509
0.9384219
0.9542015
0.9841794
1.099464
0.886987
0.8837645
0.7347073
1.06062
1.180719
1.081067
1.270745
1.166971
1.099301
1.183396
1.269813
1.226939
0.9795844
0.9244864
0.9739331
0.9409687
0.800212
0.8251415
0.7916553
0.9105275
0.9090668
1.033744
1.242307
1.138469
1.047346
0.898049
1.205121
1.026644
0.9272249
0.9572391
0.9500866
1.155591
1.03623
1.074449
0.9868514
0.9481096
0.8302218
0.7784762
0.9076761
0.9176873
1.08501
1.003847
1.046208
1.065517
1.165539
0.9576375
0.808774
0.8702363
0.9149667
0.8138855
0.7788892
0.7817016
0.677771
0.6619031
0.6235764
0.6728645
0.6861655
0.7518721
0.7740406
0.6460056
0.7040659
0.717703
0.7554931
0.791913
0.6590523
0.6560181
0.7869888
0.7656504
0.558475
0.6000681
0.5663202
0.6058493
0.6842128
0.6700711
1.010771
1.094434
0.9493008
1.024675
0.9580512
0.9970923
1.011208
0.9893843
1.277434
1.256831
1.258985
1.374463
1.361577
1.285812
1.443643
1.792316
2.103965
1.728879
1.658809
2.016566
1.958179
1.789301
2.064744
1.562265
1.349829
1.278243
1.147073
1.171572
1.03665
1.144229
1.223172
1.273101
1.369221
1.468148
1.455621
1.12169
1.249292
1.440867
1.523851
1.245119
1.20488
1.256876
1.158771
1.118985
1.338125
1.604966
1.358093
1.313033
1.315311
1.098143
1.357157
1.319585
1.477317
1.33841
1.06046
1.292744
1.401693
1.122481
0.8987447
1.054401
1.053138
1.143991
0.9907926
1.048699
0.9221335
0.9611001
0.6949155
0.5958791
0.6992269
0.6631509
0.7205506
0.7965294
0.8292295
0.6837684
0.7865961
0.7089294
0.7410467
0.5530657
0.493664
0.5646062
0.6260805
0.6020233
0.6389363
0.564827
0.4842709
0.4598485
0.4454708
0.5602125
0.5126172
0.5098108
0.506724
0.5126274
0.5576633
0.6338309
0.4482682
0.4706973
0.479418
0.5686235
0.5708358
0.5802727
0.5750558
0.5583248
0.729471
0.6991449
0.5414355
0.5717567
0.6523043
0.5434774
0.5785216
0.622227
0.5962227
0.6054277
0.6525438
0.7186164
0.6473081
0.4675221
0.5246429
0.417323
0.3776418
0.4553209
0.4408831
0.5228041
0.4094735
0.5129825
0.5204756
0.6059608
0.6263171
0.6115714
0.6507213
0.7067812
0.8276084
0.7914024
0.6265165
0.6913476
0.7145759
0.5898511
0.5769524
0.6406216
0.7129267
0.6424648
0.7125163
0.7410257
0.7585792
0.6705482
0.5481891
0.7529063
0.7385134
0.7796283
0.719106
0.782049
0.8676273
0.7148213
0.7036501
0.7715526
0.8096335
0.585039
0.6090232
0.6359062
0.7312186
0.6420015
0.5488523
0.6383206
0.7947986
0.8228611
0.8636199
0.6610466
0.6333376
0.6111545
0.6387386
0.6068163
0.6901545
0.7925886
0.8256038
0.8297704
0.9496508
0.7888665
1.000715
1.093596
0.9168706
0.8702652
0.972099
0.8930798
0.8499953
0.9006895
1.05052
0.8551872
1.077052
0.9569947
1.187233
0.8723225
0.9762245
1.011038
0.90116
0.9777598
0.7939601
0.8392077
0.7418659
0.8077588
0.9289972
0.7675159
0.7881631
0.7979806
0.8328175
0.7824344
0.9617772
0.9169313
0.965799
1.237801
1.266141
1.163218
0.9269058
0.8725874
0.8014155
0.8131272
0.7681822
0.8163598
0.6793866
0.6591979
0.6030766
0.7313623
0.8684101
0.677774
0.6647602
0.7305982
0.6757191
0.7657891
0.8190711
0.8516737
0.7554626
0.8801985
0.7073063
0.772832
0.6310945
0.6909326
0.6551794
0.5983126
0.5774385
0.5166404
0.6175424
0.5789353
0.4667838
0.3962678
0.4716004
0.4164868
0.4201096
0.444856
0.4289992
0.4403047
0.5548449
0.4026761
0.3743597
0.4203359
0.4186705
0.4052283
0.3920373
0.3786761
0.4652567
0.4096407
0.3771636
0.3758639
0.3717191
0.3258197
0.318062
0.4049981
0.41396
0.4963512
0.4869755
0.4944444
0.4567638
0.5004419
0.6015278
0.6251179
0.554554
0.6238575
0.7104784
0.9253557
0.8824767
0.7159826
0.6313302
0.6550719
0.7202806
0.7628138
0.7565396
0.6569823
0.7109928
0.8876039
1.186315
1.253898
1.009642
1.434067
1.308355
1.019425
1.180563
1.048422
0.8669631
1.016105
0.8259464
0.85626
0.9699772
1.03578
0.8621639
0.9033338
1.032188
0.9285714
0.9778785
0.8234638
0.8316258
0.6845363
0.8285787
0.8889677
0.8457402
0.8916079
0.971041
0.719852
0.826319
0.7339798
0.686408
0.7658405
0.7474093
0.680274
0.85504
0.7749982
0.6867947
0.7477734
0.7388899
0.6630228
0.7650379
0.8278985
0.777165
0.6479366
0.6745255
0.7152146
0.6728273
0.6708014
0.4821546
0.535031
0.4889281
0.6436318
0.6138157
0.6188907
0.5718562
0.56867
0.5806143
0.5814026
0.5936072
0.5491821
0.6083232
0.5591652
0.6383421
0.627546
0.6060543
0.795836
0.8205039
0.8188476
0.7593679
0.7613738
0.8906829
0.7597154
0.8582231
0.7216499
0.6587118
0.8011729
0.800214
0.7053051
0.7667543
0.6961502
0.7140702
0.7554356
0.6887831
0.777648
0.6663292
0.5483416
0.4855071
0.5658897
0.5046622
0.5450765
0.7140059
0.7551402
0.695372
0.7077758
0.6116504
0.6106331
0.6405398
0.6105027
0.6927137
0.6156565
0.6156442
0.7504308
0.6574878
0.5602927
0.6524602
0.6310876
0.6031552
0.5133931
0.5398653
0.6593019
0.7838781
0.6018585
0.7318027
0.6233849
0.5655105
0.4801885
0.4915071
0.4970096
0.4853691
0.4810309
0.492568
0.5995241
0.6090151
0.6788137
0.6196528
0.6656274
0.5190806
0.6543213
0.6237405
0.6880926
0.7545719
0.5862032
0.6355209
0.7068423
0.8112797
0.804867
0.7788485
0.8541039
0.7526238
0.7450067
0.7320541
0.6894938
0.6777394
0.8350003
0.9860097
1.015464
0.8683034
0.9161515
0.7038272
0.683752
0.6124865
0.6625739
0.5698012
0.6081577
0.645483
0.8422696
0.9052409
1.010728
1.136653
1.167762
1.123848
1.104736
1.154984
1.107578
1.609058
1.304038
1.147168
1.021128
1.025506
0.8830644
0.9302653
0.8809268
0.7914319
0.7522147
0.7300273
0.8588484
0.8075406
0.7319879
0.6266024
0.6233407
0.7474272
0.7419417
0.9745396
0.9553042
1.011049
0.9514469
1.025202
1.048787
0.9857404
0.8477001
0.7685471
0.8391274
0.9231691
0.9438261
0.9822018
0.9229112
1.026008
1.170638
0.8566619
0.8558191
1.002629
1.016741
0.8814489
0.6640838
0.6510353
0.6652762
0.6737712
0.5231126
0.477993
0.4745239
0.6166282
0.6541173
0.6548267
0.6239145
0.5265658
0.6692163
0.6677877
0.5129445
0.5451694
0.5803696
0.7452821
0.6580485
0.6631588
0.6509122
0.7573466
0.6256044
0.6333455
0.570257
0.5658308
0.5364021
0.451779
0.5687548
0.6143149
0.5722763
0.5845789
0.5534787
0.5700545
0.5539646
0.6835345
0.8999574
0.7612348
0.7470398
0.8610917
0.7095273
0.641216
0.7663091
0.5800809
0.5964081
0.5747566
0.5803331
0.612042
0.7239612
0.5956224
0.5051585
0.6385562
0.492936
0.5955946
0.537851
0.6198858
0.7177519
0.7247585
0.7935169
0.9514226
0.7239986
0.707328
0.7191618
0.8065346
0.8403568
0.922099
1.083489
0.8478037
0.9048235
1.0295
0.8272756
0.7687605
0.8438487
0.7466089
0.9866062
0.8828585
1.098866
1.136408
1.019373
1.162436
1.139802
1.07833
1.227752
1.383418
1.22546
1.655802
1.790866
1.546674
1.379096
1.270664
1.027224
0.8125477
1.101953
1.04086
1.092195
1.367278
1.4018
1.533398
1.575382
1.224942
1.046951
1.152297
1.032059
0.8819393
0.9250031
0.9421744
0.9053412
0.818325
0.9108335
0.8292413
0.8416163
0.907656
0.8847074
0.8038632
1.291918
1.305754
1.201174
1.357377
1.31777
1.249741
1.298016
1.50162
1.460489
1.311609
1.220025
0.9697485
1.023518
1.42663
0.9860349
0.9221933
0.8855962
0.9664261
1.308102
1.253852
1.308938
0.9176157
0.875747
0.7389951
0.7741378
0.7211112
0.5483408
0.6706198
0.6622556
0.8182106
0.916201
0.9808991
0.9668435
0.9559874
0.9242987
1.056951
0.9720862
0.892197
0.9001281
0.9307751
1.071261
1.265934
1.094768
0.823048
0.7851734
0.7585786
0.8551641
1.071134
0.9929408
0.7982801
0.9891351
0.8395513
0.8080622
0.7384133
0.6355907
0.7559207
0.6770676
0.8581642
0.7197147
0.9449649
0.8727967
0.84622
1.001209
1.236583
1.137022
1.065881
0.7480844
0.8819903
0.9761976
0.9438728
1.050128
0.9282762
1.094295
1.236885
1.108392
1.118676
0.9719312
0.9514512
0.9048567
0.9356461
1.193554
1.537034
1.093909
1.169473
1.077105
0.8762864
0.9718238
0.965724
1.001972
1.162525
1.047674
1.117615
1.558813
1.383694
1.348893
0.9980397
0.9544099
0.931454
1.058352
1.075856
0.8790242
1.121655
1.086792
1.116234
1.141049
1.242909
0.7506578
0.8881214
0.9312836
0.9285702
0.9408988
0.7790572
0.7560844
0.7599763
0.6957015
0.5270755
0.6645833
0.6335336
0.5414691
0.5898078
0.5591987
0.6056589
0.8196337
0.671402
0.6283692
0.5835388
0.6757616
0.5808001
0.6258502
0.5667383
0.6667769
0.5385203
0.6596757
0.5288391
0.6794951
0.7192933
0.822513
0.7188479
0.8367594
0.8175869
0.8036815
0.8918128
1.037957
0.9816796
0.9829783
1.009953
1.046796
0.809423
0.7578832
0.8331773
1.019922
0.7851803
0.9492608
0.8957447
1.011359
1.139891
1.039439
1.076994
1.176084
1.122747
1.222133
1.151442
1.336827
1.345892
1.734775
1.251181
1.480223
1.44174
1.634293
1.581036
1.473821
1.23768
1.309428
1.180906
1.120073
1.133865
1.199549
1.303684
1.156704
1.220205
1.137398
1.374563
1.267259
1.157945
1.264878
1.002074
0.9597463
0.8695631
0.956831
1.016665
0.8350631
0.8973931
0.8627429
0.8265486
0.7149411
0.9393454
1.215078
0.9428756
0.7401602
0.7833637
0.948039
0.9407185
0.8780603
0.9705756
0.9416422
0.8431616
0.792263
0.724704
0.6507267
0.7615053
0.801363
0.9245723
0.8691307
0.9203065
0.9725859
1.137727
1.181904
0.925341
0.8310691
0.9537688
0.9710224
0.966764
0.8650322
0.7548408
0.9582515
1.194253
1.210495
1.132067
1.115403
1.25045
1.136148
1.293976
1.174038
1.317814
1.171019
1.036166
1.014271
1.035707
0.9169844
1.026283
1.10416
1.315797
1.005877
1.204735
1.246409
1.190387
1.142186
1.276726
1.255345
1.477402
1.390181
1.42893
1.333008
0.9930537
0.7683014
0.853454
0.7766418
0.6825402
0.8287192
0.8509133
0.913166
0.7424416
0.7112993
0.7990887
0.7944033
0.9124827
0.8856854
0.8920325
0.9170294
0.9676345
0.8590244
0.9823315
0.9150511
1.043566
1.052073
1.087312
1.357761
1.16112
1.000569
0.9474884
0.7413401
0.7344916
0.8526706
0.5409716
0.6028233
0.4738877
0.5483536
0.6371197
0.6577853
0.7492786
0.6312976
0.7134896
0.6832164
0.738195
0.7294263
0.8748499
0.689979
0.9151828
0.8178274
0.9469397
0.8254686
0.836906
0.6414645
0.738177
0.7920589
0.8207921
0.8989414
0.9600661
0.9794792
0.9412812
0.8531569
0.7456681
0.8789955
0.6360408
0.5832805
0.641534
0.8242366
0.6653387
0.7593916
0.7163099
0.7129235
0.8299773
0.6166793
0.6302488
0.7004931
0.5638177
0.5023579
0.5322618
0.5967171
0.4704187
0.6307644
0.6692208
0.6154972
0.7267389
0.996187
0.8103629
0.9209103
0.8381584
0.8782963
0.8662746
1.104346
0.8804561
0.7803634
0.821401
0.7174791
0.9263802
0.9182021
0.7685217
0.7180819
0.7384788
0.8100179
0.8380069
0.8499029
0.816186
0.8898527
0.8375376
0.6761034
0.8779124
0.6863916
0.830752
0.7371504
0.6269335
0.5413993
0.5124626
0.6038285
0.6016735
0.477498
0.5727477
0.5911679
0.5568937
0.5287218
0.5206078
0.5165696
0.5831758
0.4566351
0.5909483
0.5019971
0.6591746
0.5669545
0.6075556
0.5415815
0.4423863
0.5290376
0.6667854
0.7345377
0.646569
0.6712384
0.709495
0.5986223
0.5004368
0.5736785
0.6674366
0.569852
0.6103828
0.481416
0.5060701
0.5164033
0.4767816
0.4865928
0.4957391
0.5230208
0.5062892
0.393183
0.38916
0.4742159
0.4657402
0.4680868
0.5185413
0.5088156
0.6299082
0.5796932
0.4722983
0.5154795
0.6330111
0.6087635
0.5922427
0.6336398
0.5177675
0.5299987
0.5138668
0.5951011
0.565841
0.5522545
0.5313489
0.5345032
0.5471852
0.4811079
0.4716954
0.43431
0.4026142
0.4031432
0.4623869
0.5189962
0.4913282
0.5844495
0.5989688
0.5696711
0.575092
0.5588792
0.5174171
0.4616943
0.4902475
0.525971
0.6492412
0.7321873
0.6893542
0.6649844
0.7138596
0.7652948
1.047786
0.863663
1.064584
0.9219336
0.888754
0.9342122
0.7573301
0.8203439
0.8327833
0.8587819
0.7595165
0.7432809
0.7523717
0.7935292
0.6452937
0.8422104
1.162294
1.023227
0.9682321
0.9338808
0.8612625
0.8720525
0.6885979
0.7463541
0.9020454
0.8358108
1.00448
0.8217726
0.7630481
0.7708213
0.7351949
0.8448063
0.8957272
0.8634651
0.9358001
0.8668493
0.8222171
0.8854678
1.218917
1.010254
1.025216
0.8967802
0.8572515
0.8863438
0.95861
0.8729671
1.004005
0.8060814
1.022363
0.9865565
0.9550522
0.9000644
1.03158
1.119392
1.016773
1.026001
0.8332291
0.7379534
0.8619663
0.8538499
0.8762319
0.9102613
0.7744781
0.7614072
0.6564087
0.8264584
0.8085327
0.7194016
0.7526537
0.617189
0.6182977
0.7256034
0.7934488
0.835859
0.9598363
0.80196
0.8314234
0.772244
0.8161825
0.6027667
0.7564341
0.6424169
0.6376396
0.7088267
0.8817293
0.9129392
0.7772662
0.7421128
0.7431719
0.8494841
0.8768521
0.9853681
0.8941388
0.9067466
0.7950176
0.755901
0.7433198
0.9290433
0.8673997
0.9748963
0.8946175
0.8831432
0.7697215
0.8026542
0.849397
0.7702275
0.8560963
0.7863594
0.8332036
0.7193141
0.7868733
0.8293209
0.7508787
0.7108081
0.8811155
0.8067656
0.998052
0.8513632
0.8664008
0.8107217
0.8275875
0.8288844
0.6970718
0.6355637
0.7638616
0.7881201
0.6640759
0.6720889
0.6978838
0.6427216
0.6593539
0.5568879
0.6090901
0.5891849
0.6197984
0.6665786
0.763148
0.5548928
0.4801218
0.6242617
0.5428408
0.5568945
0.4531763
0.5059331
0.3941934
0.5056399
0.5499155
0.4832943
0.486192
0.562178
0.6528772
0.6982744
0.7318724
0.7500012
0.8467477
0.7586987
0.6783767
0.7182856
0.7126635
0.6588512
0.6306795
0.6584499
0.5329072
0.5544948
0.5735695
0.6148122
0.7637698
0.6934309
0.5881892
0.5835889
0.5990523
0.5651509
0.495254
0.5052354
0.4756728
0.5010614
0.5441363
0.6502479
0.7743961
0.6946999
0.7931842
0.7246353
0.6893491
0.6827789
0.6275576
0.5887104
0.695459
0.818217
0.6491349
0.6392018
0.6541739
0.6996515
0.5942516
0.6939758
0.5470433
0.5275171
0.524478
0.637067
0.632214
0.530524
0.6134722
0.7506634
0.7017948
0.8346253
0.7675268
0.635459
0.7558018
0.7493344
0.6725679
0.867113
0.8678817
0.8059866
0.8355961
0.6983255
0.6580996
0.6987029
0.7991098
0.8609386
0.8822985
1.151373
1.315812
1.099736
1.130511
0.9298341
0.9450886
0.7756952
0.7561951
1.154897
1.088738
0.8844427
1.052764
0.8852887
0.9314876
0.7636558
0.9598493
0.9173105
0.8929562
0.933313
0.7976644
0.8500735
0.6250709
0.5287969
0.5955928
0.4616598
0.4654155
0.4599149
0.4929289
0.5925461
0.6555769
0.7577445
0.7332437
0.8638882
0.8041557
1.006151
0.8458491
0.8365858
0.989502
0.815627
0.8898111
1.020461
1.169688
1.258265
0.8740839
0.909659
0.8609079
0.874935
0.8028249
0.6867107
0.993247
0.7897541
0.8278361
0.8539023
0.6404849
0.6449751
0.5424035
0.6615703
0.7585608
0.6668121
0.7608136
0.6513922
0.6897144
0.8148737
0.6871594
0.7237164
0.783182
0.8160075
0.772309
0.6972312
0.7549808
0.7019334
0.7447185
0.6004416
0.7188082
0.6993301
0.6786311
0.6943602
0.6692379
0.6632421
0.5964395
0.4796523
0.5481047
0.5813267
0.4917328
0.5613807
0.6417303
0.528595
0.6227379
0.6423047
0.6839843
0.6473629
0.5013574
0.6247495
0.5944688
0.6198882
0.7115129
1.052301
0.8876861
0.8461498
0.8700186
0.8119521
0.6866276
0.8055828
0.6802318
0.6640258
0.7306216
0.7518407
0.765109
0.8146444
0.8656008
0.8504456
0.8495902
1.011556
1.041191
0.9311835
1.059133
1.102309
1.173668
0.9647973
0.7469772
0.9233582
0.9284262
0.8977112
0.8130224
0.7572648
0.7807932
0.8314667
0.7852367
0.757345
0.9576624
0.9415153
1.021917
1.038147
0.9444811
0.9605628
0.7396316
0.8391865
0.7625806
0.848598
0.7610899
0.7100463
0.7110643
0.8108718
0.8127962
0.8664659
0.8309664
0.8145394
0.7093335
0.679044
0.7850492
0.7155722
0.630392
0.6279399
0.6856028
0.696564
0.7624031
0.8140278
0.8396132
0.777031
0.6894571
0.5877439
0.6591366
0.6933095
0.9235946
0.9708649
0.8050675
0.9839415
1.103127
1.039861
0.8191531
0.7785834
0.9639118
1.118972
1.123919
1.245116
1.119947
1.140816
0.9966539
1.090177
1.194597
1.099284
1.276259
1.423939
1.007334
1.12688
0.8993791
0.7414303
0.8498462
1.056732
0.9130688
0.8779829
1.006871
1.057789
0.8301595
0.8454945
0.954298
0.9680411
1.09599
0.8969697
0.9138121
0.728759
1.021773
0.8471266
0.8734396
0.8754733
0.8460548
0.7940181
0.8074148
1.068877
0.9968422
0.9678416
0.8900706
0.9492477
1.015826
0.8787311
1.063093
1.285032
1.171002
1.132334
0.9834351
1.020615
0.9070568
0.8851505
0.6871642
0.7024564
0.6750418
0.7133566
0.7940494
0.7302407
0.7983751
0.676501
0.5804757
0.6412929
0.8107376
0.759571
0.7863394
0.7882622
0.7900896
0.8834994
0.7830134
0.6655395
0.6573928
0.8199618
0.8762601
1.215917
0.8691139
0.9550341
0.8275467
0.9376546
0.8696735
0.906752
1.099871
0.8983676
0.9042561
0.9156653
0.8248257
0.9213105
0.8504289
0.694729
0.6559641
0.7872224
0.8622756
0.8942733
0.9203313
0.9332553
0.9831635
0.8315033
0.7249027
0.6203611
0.674597
0.5317441
0.6241151
0.52267
0.5789498
0.7242935
0.7410086
0.803223
0.9016995
0.82266
0.69405
0.7796702
0.5037274
0.9091983
0.7080676
0.8606029
0.8326795
0.9263243
1.070391
1.215088
1.380488
1.312275
1.4206
1.145873
1.023657
0.8977685
1.061316
0.9641122
0.8986798
0.8469758
0.9309748
0.8830357
0.8794038
0.9624639
1.0433
1.205618
1.001756
0.9747442
1.183826
1.232627
1.251192
1.410722
1.209921
1.31056
1.285719
1.370068
1.24862
1.057594
1.142469
1.154537
1.004544
0.8955147
0.6727893
0.6855007
0.8706521
0.7665343
0.6973512
0.750056
0.7145035
0.6984484
0.7946893
0.916992
0.9480691
0.8621172
0.9435903
0.8369799
1.10392
1.075297
1.131647
1.124285
0.9387502
0.9643256
1.182895
1.278
1.253419
1.161838
1.249323
1.489171
1.457075
1.484159
1.107936
1.605904
1.442314
1.657327
1.175501
1.114029
1.076654
1.141705
1.219062
1.313054
1.172912
1.474129
1.761494
1.803748
1.769176
1.379911
1.456692
1.330082
1.543391
1.35025
2.006207
1.727999
1.617262
1.883539
1.883348
2.142175
1.862566
1.575296
1.833681
2.029488
2.183022
1.805628
1.724601
1.752315
1.789242
2.187705
2.223326
1.97455
1.934139
1.801229
1.537401
1.287916
1.488606
1.295549
1.254633
1.357691
1.527365
1.195129
1.089382
1.17405
1.150514
1.135673
1.227232
1.404174
1.775677
1.496191
1.679098
1.576739
1.512314
1.33821
1.432096
1.498262
1.494713
1.256237
1.409044
1.366015
1.310834
1.23239
1.238037
1.353788
1.309125
1.370362
1.094676
1.259275
1.475044
1.197494
0.972238
1.129749
1.404938
1.149167
1.167466
1.344632
1.057552
0.9457426
1.045517
1.092071
1.078651
1.018964
0.8561279
1.102584
0.9737957
0.9015885
0.9341308
0.9572845
0.9144336
0.8985628
0.772577
0.7158453
0.7930798
0.8177078
0.7428178
0.934769
0.7272407
0.6341036
0.6905874
0.7287154
0.7870172
0.6691054
0.7505271
0.8944906
0.942852
1.146909
1.113392
0.9367522
0.7916402
0.9257389
1.01269
0.8784785
0.808379
0.8218371
0.7785645
0.6972968
0.853108
0.7814045
0.7981809
0.8705626
1.202226
1.100117
1.028907
0.9754045
1.075782
1.019096
0.9757724
0.868519
0.8224628
0.6995702
0.6426214
0.6973077
0.5797299
0.8114533
0.8346865
0.9307825
1.04044
0.7689428
0.7190511
0.7059543
0.8253917
0.9278957
0.8567887
0.5752894
0.6809642
0.6910809
0.7004718
0.6739385
0.8987201
0.7984205
0.6440481
0.9236443
0.8154136
0.8189088
0.6999725
0.6551489
0.6583073
0.6469329
0.7227917
0.7924548
1.069197
0.8468349
0.9456202
0.9133216
0.9253018
0.9880146
1.043277
0.7758984
0.725014
0.7077829
0.819149
0.8523487
0.9409924
1.16111
0.9254611
1.230637
1.171401
1.098116
0.8704547
0.9224539
1.073208
0.9918145
0.9972594
0.9548206
0.8138792
0.8442239
0.8405712
0.7277695
0.9476497
0.9717746
0.8452747
0.8259111
0.69279
0.8137014
0.6558032
0.7472953
0.7736075
0.9314842
0.887033
0.9894083
0.8762036
0.7781206
0.8406767
0.7195066
0.7461535
0.6334891
0.6923398
0.6301914
0.7675671
0.5886302
0.5527813
0.5839969
0.5313034
0.5214596
0.5752007
0.6818505
0.5469389
0.5348812
0.5681656
0.7474014
0.671126
0.6453085
0.49006
0.5288273
0.543978
0.726015
0.762105
0.7945957
0.6207112
0.6014691
0.686355
0.7115362
0.7474959
0.7063179
0.945574
0.8313826
1.022148
0.9859369
0.9431345
0.9248527
0.7795473
0.917686
1.069646
1.148178
1.230336
1.413185
1.333636
1.046879
1.110931
1.1658
1.23423
0.948851
1.007944
1.097042
0.8612429
0.8616009
0.8059981
0.7336963
0.766664
0.8541443
0.8426387
0.9211911
0.8903677
0.8212741
0.9471271
1.065654
0.9313612
0.9624185
0.7174096
0.8043542
0.7403705
0.8323508
0.8741488
0.9217347
0.8402805
0.8553727
0.6259487
0.6918125
0.6174038
0.5628605
0.5941287
0.5874112
0.722263
0.8319115
0.6875219
0.852664
1.163279
1.141996
0.9402836
1.161845
0.9557648
1.248432
1.114216
1.108401
1.30375
1.389749
1.384151
1.291818
1.230536
1.081749
1.193181
1.311518
1.323649
1.403433
1.725754
1.397807
1.362594
1.153909
1.383495
1.013155
1.059281
1.124998
1.208033
1.034479
1.225069
0.9358802
1.106731
1.083044
0.9820888
0.9089553
0.9435647
0.7490502
0.9622516
1.110505
0.946179
0.9846018
0.820205
1.00225
1.219791
1.145162
1.32297
1.105888
1.251304
1.094937
0.9688839
1.04125
0.8903827
1.03481
0.9786577
0.8580774
0.8330551
0.7353011
0.7244367
0.7930776
0.9553655
0.864253
1.023081
0.9394816
0.8713001
0.8123737
0.8077769
0.7922099
0.8157374
0.8422008
0.7526235
0.8476194
0.8499471
0.7739422
0.9253988
0.9101757
0.7349512
0.7785464
0.8330545
0.7491141
0.6414471
0.7536948
0.8959299
0.6089591
0.6957085
0.7232657
0.5349345
0.5560641
0.5403216
0.5483127
0.4551506
0.6281638
0.6067248
0.5228929
0.5649852
0.6311883
0.5557605
0.6208995
0.6934052
0.7331415
0.7722263
0.6839433
0.7801116
0.8189516
0.7142629
0.5234324
0.6333767
0.6082164
0.6330017
0.6705295
0.6374716
0.7483294
0.7601118
0.627549
0.7489807
0.6034145
0.7795385
0.7044796
0.743648
0.7787288
0.767215
0.8443586
0.855357
0.7319366
0.5634025
0.6594372
0.7296329
0.6944294
0.6914662
0.7248363
0.8740571
0.9481264
1.002029
0.9907795
0.8684754
0.8114215
0.7151121
0.823868
0.7417619
0.6296095
0.5648296
0.590146
0.6900998
0.6494661
0.7936795
0.6893079
0.6659381
0.7129278
0.724489
0.6651072
0.6997069
0.6396203
0.6530004
0.7996125
0.9189153
0.936543
0.8181754
0.7403321
0.7915258
0.5946661
0.8565619
0.9133841
0.8175677
0.8860549
0.9862182
0.8772205
0.8781961
0.7410088
0.7770538
0.8457447
0.7691287
0.8863579
0.885788
0.8430196
0.7170429
0.8646449
0.6662985
0.8292864
0.920964
0.9568672
0.6953278
0.6851221
0.7319656
0.7630386
0.6718257
0.6851608
0.8498772
0.9127514
0.7424961
0.8234755
0.7684596
0.7608248
0.6940993
0.5701945
0.6285063
0.6977572
0.7190285
0.7694831
0.7598175
0.7777936
0.9385633
0.8403981
0.7374839
0.6211797
0.6479959
0.5955795
0.7143294
0.7166698
0.8322415
0.7560777
0.7358789
0.8230154
0.9647151
0.9766502
0.8770372
0.8484104
1.055041
0.965396
0.7811443
0.8411366
0.9810471
0.8122053
0.9625293
0.8719478
0.9057455
0.8079182
0.9357437
1.090445
1.213359
1.191368
1.087188
0.979828
1.074766
1.104505
0.9501413
0.8224424
0.7451158
0.68612
0.8623843
0.9179064
0.939953
0.9617328
0.9026214
0.8876495
0.8685292
0.8366587
0.780914
0.8507118
0.797564
0.7880177
0.9492689
1.025656
0.9981397
0.9705346
1.219043
1.23452
1.053865
1.016913
0.9879786
0.9318129
1.095063
1.108696
1.007582
1.024861
0.8219224
0.9405411
1.048172
1.189145
0.9872037
0.9987978
0.9936086
0.9708305
0.9891578
0.8750578
1.173398
1.046442
0.9569617
0.8752048
0.9388761
1.127705
0.8588067
1.034416
0.8293585
1.093595
1.222198
1.140429
0.9611728
0.808198
0.9247622
0.8755439
0.6853496
0.5412261
0.5810483
0.6394724
0.6280228
0.7963231
0.5794727
0.7125907
0.7964841
0.673217
0.6796298
0.6043899
0.6910503
0.6801621
0.7158157
0.70547
0.8381921
0.830126
0.7012478
0.8680078
0.7890099
0.7112981
0.6532918
0.7425875
0.7174007
0.7323642
0.8237177
0.6752291
0.6435449
0.5434805
0.6101138
0.7317755
0.8373991
0.8014886
0.8296925
0.8856026
0.8176711
0.7264798
1.030068
0.8944829
0.7106908
0.5927612
0.6041878
0.7629002
0.738715
0.647659
0.7339563
0.6842001
0.8164693
1.005541
1.350663
1.109188
1.081219
1.173367
1.33671
1.39593
1.275514
1.195916
1.129016
0.9872584
1.17768
1.127489
1.074051
1.414023
1.675547
1.455532
1.388714
1.465772
1.882437
1.907272
1.464109
1.715706
1.570497
1.499025
1.30218
1.379692
1.442919
1.355522
1.340517
1.640845
1.60804
1.563358
1.709426
1.53228
1.55509
1.67399
1.47707
1.331369
1.483554
1.37599
1.586081
2.059639
2.275872
2.179453
1.669493
1.465801
1.415809
0.894523
1.069788
1.250494
1.243277
1.146751
0.9718515
0.8600623
1.005392
1.07137
0.9047397
0.83806
0.9760984
0.9851904
0.9577549
0.8704307
0.718143
0.7067965
0.6120186
0.705467
0.8828816
0.7684353
0.7780082
0.7820034
0.798879
0.696509
0.7280338
0.652064
0.6889312
0.6231498
0.6685131
0.5671419
0.6481324
0.7687335
0.8711748
0.9584892
1.265932
1.214779
1.0366
1.054113
1.147737
0.8733533
0.8552482
0.8550466
0.9237984
0.9630465
0.8535962
0.9437698
0.9519293
0.8194694
0.9390186
1.053867
0.9506978
0.802377
0.8210121
0.7781107
0.8342391
0.9096254
1.014006
0.9537688
0.7555228
0.9353612
0.8910273
1.012448
1.097345
0.8065734
0.8435317
0.7178841
0.9292489
0.6480979
0.8340957
0.7178197
1.143078
1.051811
1.096365
1.003502
1.017088
0.9218097
0.9065634
0.9142695
0.7830393
0.6978539
0.60856
0.6492752
0.7051817
0.525869
0.5052816
0.4980312
0.5533397
0.4673028
0.4366886
0.4530887
0.5656154
0.5995559
0.6984689
0.6764721
0.5601265
0.6604174
0.546321
0.6491295
0.6515997
0.8532927
0.9028736
0.8314361
0.8906054
0.878948
0.75289
0.7077264
0.639023
0.790144
0.6827685
0.7267749
0.6617697
0.6601889
0.7216786
0.8045588
0.7842103
1.027411
1.17681
0.8927964
1.108266
1.037262
1.074107
0.9957225
0.7842555
0.8118667
0.7550179
0.6371952
0.5580701
0.6181904
0.820119
0.8795513
0.9773383
1.041208
0.8445008
0.9823316
0.8622095
0.7176625
0.9460279
1.145613
1.160855
1.109171
1.020984
1.060833
0.8996923
0.9004532
1.03101
1.03876
1.176026
1.070185
1.169872
1.106018
0.9716617
1.134248
1.534231
1.860534
1.65393
1.551677
1.6419
1.268684
1.289748
1.491696
1.215073
1.285229
1.428095
1.242867
1.213391
1.065462
1.07226
0.9963394
1.013419
0.880392
0.8849288
0.9033085
0.8831575
0.9187889
0.8242851
0.779865
0.879167
0.9258768
0.8300097
0.7799885
0.8866957
1.138247
0.8337834
0.9223819
1.056058
1.017526
0.8362621
0.8753262
0.84383
0.84425
0.6891126
0.7310867
0.8563152
0.9081871
0.8115162
0.7548684
0.779002
0.9627625
0.8315263
0.7569333
0.6001422
0.6658162
0.9899663
1.110632
0.7789226
0.8394969
0.7425715
0.7666027
0.7365501
0.9272578
0.8281353
0.813129
0.5911478
0.5734736
0.4518854
0.4263664
0.4351933
0.4668244
0.5111652
0.5711764
0.5116587
0.5323831
0.6180654
0.5481315
0.5401306
0.5214216
0.4861654
0.6032271
0.5879043
0.6070789
0.6155321
0.6214984
0.807003
0.7644678
0.7662868
0.7301132
0.6262653
0.672912
0.675397
0.5931058
0.6908169
0.6084759
0.7326665
0.7315878
0.6368673
0.7276613
0.6002051
0.6738313
0.5811639
0.5836343
0.737351
0.7203237
0.8221765
0.7180408
0.6556409
0.5698475
0.6085416
0.7637346
0.651724
0.7626827
0.8085737
0.636036
0.590234
0.6827757
0.7155795
0.8012595
0.8431562
0.7821579
0.7060547
0.7132297
0.8503545
0.8828989
1.034533
0.9287944
0.8773874
1.027686
0.9614443
0.8678921
0.946697
0.8525958
0.8173952
0.6153857
0.8067714
0.5827062
0.6379476
0.4904373
0.4700152
0.4662913
0.5255628
0.4891924
0.4924267
0.6166421
0.5611745
0.5894914
0.4817785
0.5156983
0.4478355
0.4866626
0.631693
0.5839959
0.7721848
0.7548994
0.8875203
0.670619
0.6979403
0.7298612
0.8561738
1.029189
1.021233
0.8591367
0.9768494
0.8690857
0.7229068
0.8972983
0.7441266
0.897486
0.8259217
0.9971025
0.7567122
1.032346
0.9695048
0.9784669
0.9478599
0.9542898
1.012266
0.8524074
0.8642619
0.7152294
0.7847596
0.7444349
0.8115871
0.8230654
1.044091
1.311778
1.230394
1.018445
1.088083
1.006781
0.9254337
1.2008
1.100248
0.9031019
0.7870557
0.9037254
1.094211
1.089407
1.021187
1.058731
1.053703
1.563767
1.074919
1.379381
1.452106
1.666087
1.69973
1.376394
1.577098
1.724317
1.622355
1.407285
1.505053
1.3696
1.465384
1.482738
1.352959
1.396732
1.572593
1.182635
1.403357
1.504073
1.012433
1.009161
1.020753
1.054315
0.9796585
1.011519
1.07323
1.04183
1.151027
0.9838443
0.8501384
1.052485
0.9487566
0.8856229
0.8652151
0.8965008
0.9109807
0.9683927
1.034107
1.088655
0.9435939
1.070868
0.9615573
0.9049953
0.9402025
1.001899
0.9439079
0.8981959
0.9808408
0.999234
0.9548026
1.096349
0.9718008
1.157612
1.091122
1.146227
1.418337
1.179955
0.9688091
0.9257524
0.7805437
1.073572
1.103219
1.120591
1.366333
1.450835
1.572893
1.317188
1.362827
1.144267
1.485055
1.7502
1.936963
1.566212
1.571519
1.616369
1.734203
1.769655
1.628609
1.59387
1.710227
1.243862
1.253315
1.339007
1.352693
1.816165
1.660452
1.771792
1.393903
1.190887
1.347293
1.509373
1.555013
2.049856
1.093708
1.155604
1.227892
1.086841
1.520902
1.245233
1.061778
1.14435
1.186304
1.220213
1.247827
1.246163
1.406419
1.320839
1.222727
1.280306
1.006953
0.9701785
0.9701133
0.9036073
0.9006189
0.8157682
0.7204956
0.773692
0.7317896
0.6611403
0.7202038
0.7528884
0.7092441
0.8949212
1.126391
1.06965
0.9618704
1.002298
0.8921563
1.023873
0.8192579
0.8690289
0.6538404
0.9731769
0.8850107
1.023444
1.08205
1.032621
0.8137617
0.7248825
0.6384784
0.9284963
0.9380355
0.8477232
0.8889758
0.9106147
0.9407585
0.7730735
0.8597183
0.8688067
0.8671529
0.8558061
0.9611741
1.061277
1.007733
0.8094234
0.7704688
0.7758072
0.7322417
0.8226652
0.7735078
0.6780631
0.6558638
0.6521021
0.6862717
0.7334337
0.8776431
1.028536
1.014925
1.12327
1.050971
0.9763155
0.9386612
1.092767
1.365714
1.358921
1.386206
1.178108
1.121551
1.115073
0.9534271
0.9126999
0.9906168
1.015891
1.019036
0.9791493
0.7876319
1.043257
0.9057043
0.8317728
0.7651448
0.9477207
0.9689348
1.202737
1.149751
1.19069
1.376349
1.214908
1.129422
0.8954322
0.969197
0.6659749
0.7611289
0.8013781
0.7501964
0.8967622
1.02852
0.7749289
0.636251
0.6338163
0.660563
0.533406
0.6632409
0.7705798
0.7386073
0.8606388
0.9611964
0.9646602
0.8206818
0.7974381
1.088713
0.9948187
1.001928
1.049327
1.170374
0.8869098
0.9181021
0.7552026
0.8335226
0.7443164
0.7502922
0.8129243
0.6724518
0.6140813
0.5951188
0.5885143
0.5211663
0.6478187
0.6850156
0.721387
0.7057846
0.7031739
0.7195247
0.7756716
0.6284778
0.5587707
0.6035206
0.4804666
0.5217462
0.6618598
0.6400524
0.5790097
0.5180241
0.5617494
0.6488692
0.612769
0.5960721
0.5852278
0.5949337
0.554041
0.5147813
0.4633431
0.4942225
0.5112881
0.5457082
0.5281206
0.4690952
0.5328181
0.5657954
0.6896715
0.5376753
0.5785424
0.6435451
0.6022336
0.6858609
0.6439005
0.5874079
0.6709252
0.7381442
0.7781907
0.6946645
0.6769743
0.6441174
0.7306416
0.528271
0.5192545
0.6401334
0.4595322
0.4557053
0.5474277
0.6445246
0.6935153
0.5659597
0.5428949
0.5151426
0.3940952
0.515274
0.538358
0.5536381
0.5016965
0.6239819
0.6337614
0.7866584
0.7487587
0.8017223
1.065016
0.8291115
0.7682997
0.9860286
0.792517
0.9132603
0.7417494
0.8785521
0.7574917
0.8863744
1.016155
0.8162201
0.6614453
0.7496892
0.8676069
1.03209
0.8978549
1.0763
1.21261
1.200418
1.224983
1.245805
1.197816
1.059562
1.193455
0.8907116
1.013314
0.865076
0.9143144
1.160559
1.045477
1.126117
0.882684
1.015811
1.077965
0.7716677
0.8653653
0.8870907
1.009698
0.7831117
0.7490118
0.6259508
0.7109037
0.7011826
0.5706046
0.601705
0.6805758
0.7297577
0.6694013
0.683733
0.7474223
0.9250901
0.9641552
1.009509
0.8744331
0.8720638
0.8540916
0.8038257
0.7022962
0.598587
0.666521
0.6924665
0.7275868
0.7814616
0.8951997
0.8471916
0.9842486
0.8828865
0.9083117
1.14733
0.9199735
0.7237645
0.6701315
0.7470179
0.5946702
0.6450306
0.7378222
0.7828432
0.8199917
0.8066079
1.087422
0.924654
0.8525497
0.8400243
0.7448091
0.8039938
0.9055924
0.9062883
0.8053477
0.8683267
0.8711293
1.018738
0.9005464
0.6513886
0.7389201
0.7741297
0.7825772
0.7749618
0.7960975
0.807596
0.6390065
0.7730116
0.6426673
0.6405906
0.7661473
0.8031198
0.7331303
0.8125803
0.6803558
0.6463559
0.7290555
0.6496508
0.5802124
0.6161601
0.5663248
0.8536188
0.9502379
0.8335413
0.8533316
0.6782932
0.6915221
0.7559879
1.000699
0.7694694
0.6608102
0.7671999
0.6648729
0.680501
0.6759688
0.6627624
0.6959154
0.6819131
0.719771
0.7072769
0.6991724
0.5953509
0.762656
0.6522596
0.4831521
0.4217224
0.4470098
0.5301221
0.5121837
0.4575771
0.5068686
0.5079474
0.5472201
0.5731658
0.6028704
0.4833496
0.5761502
0.4584145
0.5266843
0.5755857
0.6124081
0.7305887
0.6291494
0.5754624
0.6638186
0.7835432
0.8701587
0.8253836
0.8197231
0.7895842
0.9817085
0.9151877
0.9688369
1.005392
1.06
1.07026
1.130667
1.0324
1.021802
1.034221
0.8264909
1.00157
0.7648428
0.7262167
0.7088194
0.810044
0.872209
1.098207
0.9151635
0.8112872
0.745712
0.6771116
0.8545606
0.9675639
1.012676
0.8656129
0.9120412
0.8134856
0.6929724
0.681208
0.837231
0.7711524
0.6447954
0.7753736
0.7076017
0.651049
0.7197458
0.7251547
0.7599585
0.7062091
0.7435132
0.8023038
0.9070638
1.068407
1.227492
1.283763
1.216415
1.282931
1.424069
1.464152
1.419124
1.519443
1.018902
1.005549
0.9192083
0.8884942
1.192392
1.098495
0.9529378
1.404763
1.275105
1.183602
0.9798601
0.8148722
0.7501227
0.9331141
0.7741186
0.8583198
0.7905018
0.699265
0.781763
0.689788
0.6686071
0.7954748
0.6662394
0.7622268
0.7098201
0.7926826
0.7456469
0.7075249
0.9858191
1.001391
1.067538
1.218813
0.8779555
0.9786315
1.147696
1.012655
0.8997572
0.752266
0.9827609
1.45885
1.133423
0.9506086
1.044449
1.099728
1.086789
0.9691159
0.8631008
0.8152317
1.075606
0.9075068
0.9641312
0.8911605
0.943692
1.003967
1.155804
1.050519
0.9822357
0.852294
1.066237
1.155044
0.956157
0.8155484
0.9629647
1.2463
1.058898
0.8367067
0.9547199
0.9450627
0.6955591
0.6679459
0.7849255
0.8655612
0.9936725
0.7371044
0.7196203
0.662676
0.6291869
0.6409191
0.8080389
0.7718984
0.7579233
0.8311403
0.8326212
0.7663054
0.6577273
0.7357561
0.920105
0.8479326
0.7622154
0.9175232
1.021652
0.9021894
1.0625
0.9714738
0.8752869
0.9723831
0.834994
0.8769931
0.779908
0.9160904
0.8151484
0.87332
1.004781
0.9167309
1.13379
1.231469
1.158749
1.267312
1.249606
1.332731
0.9936367
1.155765
1.236402
0.9620168
1.341109
1.103902
0.9463671
0.9005395
0.8362365
0.8601251
0.8294332
1.015058
0.9388038
1.036072
1.340105
1.309954
1.411911
1.316928
1.124337
0.9458225
0.9537161
0.949702
1.137104
1.077062
1.264416
1.180006
1.089788
1.101994
0.9094287
0.978091
0.7296008
0.7982438
0.7718931
0.8575936
0.9145039
0.9472936
1.014743
1.03811
1.157301
1.30052
1.138496
1.158954
0.951476
1.024757
1.040268
0.9125274
0.8197471
0.9887672
0.937673
0.8006809
0.9743346
1.044164
0.8219323
0.7642698
0.666039
0.8178397
0.8891441
1.072083
1.304521
1.423746
1.170734
1.070941
1.1419
0.9039359
0.9955447
0.9326321
1.126878
1.210563
1.147389
1.226753
1.072145
1.209773
1.151639
1.060404
1.268489
1.377275
1.343898
1.888198
1.40171
1.497697
1.115737
1.485575
1.303289
1.225743
1.219292
1.470884
1.349717
1.269364
1.11254
1.40218
1.604851
1.342723
1.644828
1.257329
1.221996
1.541175
1.53052
1.438912
1.318603
1.220325
1.321087
1.356284
1.316813
1.15814
1.107301
1.027338
1.186855
0.9278721
0.8534852
0.8338404
0.948026
1.000987
1.022103
0.8193025
0.7561823
0.8684582
0.8205804
0.715622
0.7243909
0.5159469
0.5831039
0.6051261
0.9373662
1.011458
0.9376847
0.8268677
0.7060061
0.851349
0.7787139
0.6977829
0.9493917
0.928557
1.014573
1.367077
1.19142
1.126903
1.052459
1.091731
1.239887
1.099997
1.370741
1.104691
1.132955
0.9610638
0.898267
0.8584213
0.7113581
0.6962413
0.5968529
0.6227172
0.6947401
0.7583803
0.8772009
1.053415
0.9758209
1.129561
1.183501
1.15322
0.9399662
1.048815
1.014068
1.099728
1.051466
1.130043
0.8953464
0.8662869
0.8168339
0.8333375
0.6108039
0.6689906
0.7965086
0.841585
0.9545474
0.8429142
0.8212044
0.770353
0.9329542
0.8268315
0.8436735
0.9826807
0.9665891
0.9978133
1.06961
0.8966569
0.9537296
0.9730415
0.9643382
0.9458342
0.869844
0.8389608
0.7658279
0.8990625
0.9697203
0.770979
0.9251915
0.7869908
0.8162324
0.8987462
0.9115298
0.9714265
0.9136421
0.7412684
0.6657002
0.706789
0.7974395
0.5919875
0.594661
0.747698
0.7741732
0.7105213
0.7039088
0.8471046
0.9864891
1.191005
1.004811
0.9353345
0.9637791
1.006202
0.8173397
0.8357031
0.7586468
0.6910787
0.5189111
0.4878179
0.4994341
0.456609
0.6789467
0.5832141
0.6426463
0.6475357
0.6512231
0.7130343
0.6014495
0.6346963
0.5615676
0.551469
0.5887062
0.5474946
0.6383802
0.5513813
0.5575131
0.7514698
0.6358582
0.6217694
0.6320169
0.595542
0.5978587
0.6805052
0.9242961
1.048122
0.8327962
0.814165
0.6942183
0.7534295
0.6882499
0.8059574
0.744434
0.8454337
0.8866655
0.7443766
0.7186602
0.7431738
0.7512982
0.6841551
0.7841204
0.7122068
0.6568399
0.695151
0.595187
0.4088674
0.4606648
0.4180139
0.4166459
0.4291891
0.4453364
0.4164587
0.3988052
0.3931241
0.4108123
0.5001483
0.513338
0.568424
0.523763
0.4623848
0.568577
0.6394931
0.6067423
0.6341196
0.7856995
0.6102223
0.5313307
0.6258769
0.7554007
0.6001387
0.6201603
0.5199137
0.6985462
0.601092
0.7164126
0.67275
0.6406454
0.7196036
0.5927007
0.7142261
0.6589582
0.6878924
0.5510355
0.7721229
0.7613473
1.068749
0.948144
0.7727902
0.8093392
0.7953197
0.6125176
0.7591009
0.7417478
0.7148583
0.6347383
0.7507558
0.7838909
0.6967473
0.5793196
0.7459606
0.5847478
0.67173
0.7530409
0.7670281
0.7158812
0.8194718
0.6546231
0.9057656
0.741407
0.7790245
0.6728073
0.5752519
0.5876556
0.6775706
0.6298319
0.6051442
0.7642722
0.8963768
0.8614964
0.7958002
0.5944974
0.8710188
0.7133332
0.5023856
0.6548049
0.8257898
0.6846716
0.5839238
0.6760445
0.7261246
0.7050681
0.7974113
0.6669049
0.7569751
0.5868542
0.6428028
0.6045334
0.5156328
0.5602451
0.5576745
0.5583086
0.4119217
0.3928695
0.44739
0.4979601
0.5170556
0.5239817
0.5145557
0.4815492
0.4958779
0.4843864
0.4192239
0.406064
0.5297641
0.540972
0.6559906
0.582923
0.5761873
0.6272475
0.593903
0.6620639
0.5282008
0.4826724
0.6507843
0.7364011
0.6374476
0.5085884
0.7166004
0.7477578
0.7697515
0.6941219
0.6252772
0.6003415
0.6682994
0.7358927
0.790639
0.9211372
0.7057166
0.5932826
0.6284899
0.5697361
0.6308625
0.6368004
0.7693197
0.6129265
0.6557412
0.5918123
0.6979305
0.7359761
0.8463129
0.8917065
0.9853201
1.084387
1.089825
0.9288764
1.137927
0.9963003
0.9335978
0.9655665
0.9706628
1.041231
1.097517
0.9909301
0.8735274
0.9881777
0.9755041
1.038902
0.9778736
0.9910421
0.9031614
0.8248786
0.8743529
0.7522045
0.7281964
0.866153
0.7977333
0.7400455
0.9060136
0.7748097
0.7804609
0.8487062
0.8282484
0.7306311
0.7642291
0.7879492
0.8520991
0.8272527
0.7360677
0.8759932
0.5713274
0.5615759
0.7287075
0.6744715
0.6424714
0.6980358
0.8331632
0.7632396
0.7050151
0.7287576
0.6030304
0.5691277
0.7048251
0.7248292
0.9812901
0.7783898
0.6551274
0.6806318
0.9163846
0.9899917
1.015831
0.9130865
0.7782579
0.9296727
0.7766979
0.7764009
0.8829731
0.8652417
0.8596121
0.7162767
0.7638313
0.6931695
0.8470563
0.7377262
0.729728
0.6497658
0.5385028
0.5632645
0.6097873
0.6531184
0.8345223
0.7442577
0.7182494
0.6376271
0.7260809
0.6794016
0.6259628
0.7139801
0.8213056
0.836772
0.7725363
0.6541781
0.5712594
0.5340062
0.6009908
0.6035372
0.6291536
0.6674699
0.8061162
0.6927096
0.7092977
0.6755176
0.7230691
0.6121462
0.6377435
0.5370369
0.5772316
0.4657021
0.4567495
0.4752754
0.6515274
0.6038012
0.5699601
0.6317535
0.6416558
0.6196157
0.569926
0.5579136
0.6090106
0.5469836
0.7148652
0.7017662
0.5436522
0.6531452
0.5417907
0.5938416
0.6276178
0.6186662
0.630214
0.6660061
0.6960588
0.6794363
0.6064252
0.8052725
0.686004
0.7475606
0.7885171
0.7315446
0.870348
0.7201396
0.7312821
0.8020645
0.9985446
0.7468797
0.8107886
0.8474837
1.010465
0.94445
0.8213187
0.8662781
0.7445642
0.6641721
0.8699652
0.7040207
0.7589642
0.8566573
0.8105352
0.631057
0.7025831
0.6526087
0.6925869
0.8786547
0.9865855
1.154207
1.055019
0.9614493
0.9697147
0.8725502
1.08092
1.068807
1.152239
1.421887
1.384941
1.350547
1.314806
1.13821
1.175917
1.378175
1.30247
1.265481
1.265099
1.318155
1.327775
1.30053
1.412649
1.563419
1.365491
1.10559
0.9946323
1.191913
1.261889
1.19364
0.8916526
1.119917
1.421104
1.336831
1.27465
1.280119
1.084266
1.108902
1.097156
1.023484
1.025933
0.978995
1.284194
1.188094
1.187718
1.308227
1.176087
0.9642552
0.9100074
1.106106
1.11914
1.051905
1.361939
1.228464
1.200158
1.079153
0.9928469
0.9598795
0.9522002
0.9946429
1.167146
1.102894
1.118686
0.9514364
1.094017
1.234533
1.18535
1.271167
1.057749
1.016189
0.8868811
0.9744084
1.019443
1.117297
1.064777
1.100814
1.041965
0.9485063
1.167651
0.9097226
0.7690964
1.191009
0.9838403
0.7657224
0.7638655
0.7532458
0.7418365
0.8820629
0.8843765
0.931007
1.004167
0.9477155
0.8970993
0.9133203
0.9394645
1.02016
0.7803359
0.680643
0.7702508
0.7428564
0.7582228
1.001569
0.7708268
0.7130304
0.6235575
0.6443585
0.6570555
0.686127
0.623861
0.5404265
0.5425655
0.4861091
0.6224327
0.5862417
0.482995
0.6523967
0.5291579
0.5965638
0.6261962
0.6989864
0.6583803
0.7705593
0.7952626
0.8129692
0.8199863
0.9751741
0.8562226
0.791034
0.6678886
0.7298582
0.7615381
0.7338765
0.9216561
0.835537
0.8584928
0.7954461
0.8504937
0.878278
1.095386
1.353288
1.024464
0.9766568
0.9816692
0.9909791
1.137454
1.161041
1.237197
1.203619
1.314256
1.149591
1.563972
1.423871
1.60099
1.794946
1.876692
1.762647
1.322503
1.593555
1.753742
1.547823
1.441168
1.555187
1.423092
1.283866
1.056494
1.275294
1.227482
1.188758
1.128801
1.24536
1.257516
0.9951978
1.06089
1.280163
1.272881
1.076211
0.9087985
0.9301989
0.9622017
1.083094
0.8475044
0.8676861
1.026569
1.138423
1.029097
1.124471
0.9286184
0.7975732
0.7464242
0.6426893
0.6629462
0.7080335
0.606557
0.6574305
0.6566831
0.8933003
0.955261
0.8252267
0.8450573
0.8444186
0.8781001
0.9574839
0.8045356
0.882778
0.9394645
1.035119
1.024043
1.184162
1.019624
1.03098
1.214453
0.9246997
1.115099
0.9246105
1.232172
1.131605
1.031147
1.107521
1.151817
1.247593
1.331054
1.028735
1.146495
1.186309
1.483194
1.273114
1.33238
1.227522
1.396366
1.284681
1.259812
1.294921
1.35295
1.370948
1.382652
1.564181
1.514828
1.268177
1.327515
1.312881
1.525444
1.36056
1.272093
1.310949
1.372106
1.198577
1.500457
1.179188
1.347472
1.577163
1.229563
1.354379
1.294215
1.106227
0.9016714
0.7605465
0.827654
0.8432042
0.9056642
1.089642
0.8238747
0.7928505
0.9176317
0.8712392
1.057441
0.9158927
0.9310845
0.8197117
0.8791309
0.7791738
0.7873281
0.7060582
0.7835088
0.7574109
0.9230914
0.6536331
0.5935698
0.7092804
0.7179557
0.877619
0.8874323
0.8808566
0.8436845
0.9955657
0.9434292
0.9334443
0.6885197
0.7120393
0.5532899
0.5505492
0.5029468
0.6117652
0.6416388
0.6566687
0.6215922
0.6622374
0.5373691
0.8016105
0.7967509
0.792076
0.7951883
0.9653617
0.8244036
0.8174556
0.8330151
0.892862
1.067688
1.006676
1.1152
1.145423
1.029146
1.112197
0.7995351
0.9489361
1.12971
0.9342939
0.8753091
0.9230276
0.8688313
0.8283282
0.7120928
0.7403226
0.832646
0.811092
0.8670568
1.018439
1.023475
1.105605
0.85625
0.9074395
0.7835311
0.9070083
0.9092725
0.9250666
0.8723412
1.007986
0.9769551
0.85553
1.131067
1.112319
1.08142
1.221558
1.190155
1.089338
1.076885
0.9207127
1.027635
1.083229
0.9558999
1.14107
1.164201
0.9033188
0.9856529
0.9249282
0.7753062
0.8614122
0.7338307
0.7911107
0.7384788
0.7067895
0.7623188
0.8318818
0.6644958
0.6273162
0.6641952
0.6718765
0.823668
0.7812373
0.7660262
0.7882462
0.7971244
0.7299826
0.8392519
0.7366818
0.7004596
0.6992319
0.7452119
0.8198317
0.7988633
0.6516662
0.6137468
0.7683584
0.8608122
0.813735
0.8185488
0.7066438
0.7846703
0.8337595
0.7575757
0.8552513
0.7709903
0.7886336
0.6563705
0.7515141
0.7344451
0.7255474
0.6658738
0.9758438
0.9853917
1.077723
0.9711521
0.9636039
0.858096
0.7688768
0.783332
0.8323542
0.7501216
0.7279674
0.5836715
0.5281341
0.4642253
0.4830922
0.5051278
0.5897369
0.5118268
0.5139578
0.5326335
0.4231455
0.4448805
0.3549575
0.3731095
0.4744475
0.4737691
0.4430702
0.4520819
0.5040902
0.4299686
0.4432083
0.4242356
0.4443523
0.4509133
0.4682289
0.4667594
0.4257001
0.3692772
0.409906
0.486627
0.4567417
0.4261826
0.5435899
0.510908
0.4827223
0.4524203
0.3922023
0.3679578
0.4111462
0.4772668
0.4492009
0.3804735
0.4027185
0.4174468
0.4568709
0.505544
0.4360489
0.4498496
0.4002394
0.4025396
0.4071689
0.3765899
0.3645997
0.383511
0.6286328
0.427234
0.4573365
0.4571842
0.5268612
0.4804324
0.5560382
0.6175727
0.4578208
0.4426746
0.3781143
0.4226869
0.4179663
0.496942
0.5260054
0.5464034
0.5565061
0.4993243
0.5718398
0.6112203
0.4923292
0.5037397
0.4757763
0.5789349
0.5459981
0.5802282
0.5965195
0.6577463
0.8234486
0.8004268
0.4997633
0.4986844
0.4725638
0.6882716
0.5749716
0.5082081
0.443002
0.6065817
0.5196867
0.4944723
0.5250796
0.4265207
0.5927012
0.6386239
0.623063
0.6088659
0.5826655
0.6467482
0.6330206
0.473836
0.4824613
0.4851077
0.4310099
0.4527601
0.4585727
0.3861977
0.4230314
0.4370278
0.3755445
0.3729387
0.3824772
0.4001511
0.3366191
0.4356813
0.5024686
0.5878719
0.7371247
0.7733293
0.7057719
0.7899037
0.765915
0.7629744
0.8179903
1.069391
1.113726
1.2494
1.362385
1.385093
1.108146
1.01006
1.158166
1.001031
1.114309
1.244011
1.203655
1.175183
1.238159
1.056946
1.165946
1.223691
1.055305
0.9367452
0.9843855
1.134862
0.9360344
0.9313283
0.8577941
1.033634
0.9425674
1.049275
0.8565966
1.023713
0.9128083
0.9543163
0.9895776
1.183515
1.214791
0.9942162
0.9298428
0.8179518
0.9829009
1.201446
1.290105
1.208038
1.200723
1.201334
1.165449
1.16582
1.249595
1.330389
1.252582
1.222025
1.25965
1.301726
1.305822
1.610193
1.375283
1.135882
1.306676
1.230877
1.351698
